0.000000	, 0.000000
0.000000	, 0.000000
0.000000	, 0.000000
0.000000	, 0.000000
0.000000	, 0.000000
0.000000	, 0.000000
0.000000	, 0.000000
0.000000	, 0.000000
0.000000	, 0.000000
0.000000	, 0.000000
0.000000	, 0.000000
0.000000	, 0.000000
0.000000	, 0.000000
0.000000	, 0.000000
0.000000	, 0.000000
0.000000	, 0.000000
0.000000	, 0.000000
0.000000	, 0.000000
0.000000	, 0.000000
0.000000	, 0.000000
0.000000	, 0.000000
0.000000	, 0.000000
0.000000	, 0.000000
0.000000	, 0.000000
0.000000	, 0.000000
0.000000	, 0.000000
0.000000	, 0.000000
0.000000	, 0.000000
0.090000	, 0.003103
0.000000	, 0.003000
0.100000	, 0.006129
0.000000	, 0.005938
0.090000	, 0.008485
0.000000	, 0.008235
0.000000	, 0.008000
0.000000	, 0.007778
0.000000	, 0.007568
0.000000	, 0.007368
0.000000	, 0.007179
0.000000	, 0.007000
0.000000	, 0.006829
0.000000	, 0.006667
0.000000	, 0.006512
0.000000	, 0.006364
0.000000	, 0.006222
0.000000	, 0.006087
0.000000	, 0.005957
0.000000	, 0.005833
0.000000	, 0.005714
0.000000	, 0.005600
0.000000	, 0.005490
0.000000	, 0.005385
0.000000	, 0.005283
0.000000	, 0.005185
0.000000	, 0.005091
0.000000	, 0.005000
0.000000	, 0.004912
0.000000	, 0.004828
0.000000	, 0.004746
0.000000	, 0.004667
0.000000	, 0.004590
0.000000	, 0.004516
0.000000	, 0.004444
0.000000	, 0.004375
0.000000	, 0.004308
0.000000	, 0.004242
0.000000	, 0.004179
0.000000	, 0.004118
0.000000	, 0.004058
0.000000	, 0.004000
0.000000	, 0.003944
0.000000	, 0.003889
0.000000	, 0.003836
0.000000	, 0.003784
0.000000	, 0.003733
0.000000	, 0.003684
0.000000	, 0.003636
0.000000	, 0.003590
0.000000	, 0.003544
0.000000	, 0.003500
0.000000	, 0.003457
0.000000	, 0.003415
0.000000	, 0.003373
0.000000	, 0.003333
0.000000	, 0.003294
0.000000	, 0.003256
0.000000	, 0.003218
0.000000	, 0.003182
0.000000	, 0.003146
0.000000	, 0.003111
0.000000	, 0.003077
0.000000	, 0.003043
0.000000	, 0.003011
0.000000	, 0.002979
0.000000	, 0.002947
0.000000	, 0.002917
0.000000	, 0.002887
0.000000	, 0.002857
0.000000	, 0.002828
0.000000	, 0.002800
0.000000	, 0.002800
0.000000	, 0.002800
0.000000	, 0.002800
0.000000	, 0.002800
0.000000	, 0.002800
0.000000	, 0.002800
0.000000	, 0.002800
0.000000	, 0.002800
0.000000	, 0.002800
0.000000	, 0.002800
0.000000	, 0.002800
0.000000	, 0.002800
0.000000	, 0.002800
0.000000	, 0.002800
0.000000	, 0.002800
0.000000	, 0.002800
0.000000	, 0.002800
0.000000	, 0.002800
0.000000	, 0.002800
0.000000	, 0.002800
0.000000	, 0.002800
0.000000	, 0.002800
0.000000	, 0.002800
0.000000	, 0.002800
0.000000	, 0.002800
0.000000	, 0.002800
0.000000	, 0.002800
0.000000	, 0.002800
0.000000	, 0.001900
0.000000	, 0.001900
0.000000	, 0.000900
0.000000	, 0.000900
0.000000	, 0.000000
0.000000	, 0.000000
0.000000	, 0.000000
0.000000	, 0.000000
0.000000	, 0.000000
0.100000	, 0.001000
0.000000	, 0.001000
0.000000	, 0.001000
0.000000	, 0.001000
0.000000	, 0.001000
0.000000	, 0.001000
0.000000	, 0.001000
0.000000	, 0.001000
0.000000	, 0.001000
0.000000	, 0.001000
0.000000	, 0.001000
0.000000	, 0.001000
0.000000	, 0.001000
0.000000	, 0.001000
0.000000	, 0.001000
0.000000	, 0.001000
0.000000	, 0.001000
0.000000	, 0.001000
0.000000	, 0.001000
0.000000	, 0.001000
0.000000	, 0.001000
0.000000	, 0.001000
0.000000	, 0.001000
0.000000	, 0.001000
0.000000	, 0.001000
0.000000	, 0.001000
0.000000	, 0.001000
0.000000	, 0.001000
0.000000	, 0.001000
0.000000	, 0.001000
0.000000	, 0.001000
0.000000	, 0.001000
0.000000	, 0.001000
0.000000	, 0.001000
0.000000	, 0.001000
0.000000	, 0.001000
0.000000	, 0.001000
0.000000	, 0.001000
0.000000	, 0.001000
0.000000	, 0.001000
0.000000	, 0.001000
0.000000	, 0.001000
0.000000	, 0.001000
0.100000	, 0.002000
0.000000	, 0.002000
0.000000	, 0.002000
0.000000	, 0.002000
0.000000	, 0.002000
0.000000	, 0.002000
0.000000	, 0.002000
0.000000	, 0.002000
0.000000	, 0.002000
0.000000	, 0.002000
0.000000	, 0.002000
0.000000	, 0.002000
0.000000	, 0.002000
0.000000	, 0.002000
0.000000	, 0.002000
0.000000	, 0.002000
0.000000	, 0.002000
0.000000	, 0.002000
0.000000	, 0.002000
0.000000	, 0.002000
0.000000	, 0.002000
0.000000	, 0.002000
0.000000	, 0.002000
0.000000	, 0.002000
0.000000	, 0.002000
0.000000	, 0.002000
0.000000	, 0.002000
0.000000	, 0.002000
0.000000	, 0.002000
0.100000	, 0.003000
0.000000	, 0.003000
0.000000	, 0.003000
0.000000	, 0.003000
0.000000	, 0.003000
0.000000	, 0.003000
0.000000	, 0.003000
0.000000	, 0.003000
0.000000	, 0.003000
0.000000	, 0.003000
0.000000	, 0.003000
0.000000	, 0.003000
0.000000	, 0.003000
0.000000	, 0.003000
0.000000	, 0.003000
0.000000	, 0.003000
0.000000	, 0.003000
0.000000	, 0.003000
0.000000	, 0.003000
0.000000	, 0.003000
0.000000	, 0.003000
0.000000	, 0.003000
0.100000	, 0.004000
0.000000	, 0.004000
0.000000	, 0.004000
0.000000	, 0.004000
0.000000	, 0.004000
0.000000	, 0.004000
0.000000	, 0.003000
0.000000	, 0.003000
0.000000	, 0.003000
0.000000	, 0.003000
0.000000	, 0.003000
0.000000	, 0.003000
0.000000	, 0.003000
0.000000	, 0.003000
0.000000	, 0.003000
0.100000	, 0.004000
0.100000	, 0.005000
0.000000	, 0.005000
0.100000	, 0.006000
0.100000	, 0.007000
0.100000	, 0.008000
0.100000	, 0.009000
0.100000	, 0.010000
0.100000	, 0.011000
0.100000	, 0.012000
0.090000	, 0.012900
0.000000	, 0.012900
0.090000	, 0.013800
0.000000	, 0.013800
0.000000	, 0.013800
0.090000	, 0.014700
0.090000	, 0.015600
0.100000	, 0.016600
0.000000	, 0.016600
0.100000	, 0.017600
0.090000	, 0.018500
0.100000	, 0.019500
0.000000	, 0.019500
0.100000	, 0.020500
0.100000	, 0.021500
0.100000	, 0.022500
0.000000	, 0.022500
0.000000	, 0.022500
0.090000	, 0.023400
0.090000	, 0.024300
0.100000	, 0.025300
0.090000	, 0.026200
0.100000	, 0.027200
0.000000	, 0.027200
0.000000	, 0.026200
0.000000	, 0.026200
0.000000	, 0.026200
0.000000	, 0.026200
0.000000	, 0.026200
0.000000	, 0.026200
0.100000	, 0.027200
0.000000	, 0.027200
0.000000	, 0.027200
0.000000	, 0.027200
0.000000	, 0.027200
0.100000	, 0.028200
0.000000	, 0.028200
0.000000	, 0.028200
0.000000	, 0.028200
0.000000	, 0.028200
0.000000	, 0.028200
0.000000	, 0.028200
0.000000	, 0.028200
0.000000	, 0.028200
0.100000	, 0.029200
0.100000	, 0.030200
0.000000	, 0.030200
0.100000	, 0.031200
0.100000	, 0.032200
0.090000	, 0.033100
0.000000	, 0.033100
0.100000	, 0.034100
0.100000	, 0.035100
0.090000	, 0.035000
0.100000	, 0.036000
0.100000	, 0.037000
0.100000	, 0.038000
0.100000	, 0.039000
0.100000	, 0.040000
0.000000	, 0.040000
0.100000	, 0.041000
0.000000	, 0.041000
0.090000	, 0.041900
0.100000	, 0.042900
0.000000	, 0.042900
0.000000	, 0.042900
0.000000	, 0.042900
0.100000	, 0.043900
0.100000	, 0.044900
0.090000	, 0.045800
0.100000	, 0.046800
0.100000	, 0.047800
0.100000	, 0.048800
0.100000	, 0.049800
0.200000	, 0.051800
0.100000	, 0.051800
0.100000	, 0.052800
0.100000	, 0.053800
0.200000	, 0.055800
0.100000	, 0.056800
0.000000	, 0.056800
0.100000	, 0.057800
0.100000	, 0.058800
0.100000	, 0.059800
0.100000	, 0.060800
0.100000	, 0.061800
0.100000	, 0.062800
0.100000	, 0.063800
0.000000	, 0.063800
0.200000	, 0.065800
0.100000	, 0.065800
0.100000	, 0.065800
0.100000	, 0.066800
0.190000	, 0.067700
0.090000	, 0.067600
0.100000	, 0.067600
0.090000	, 0.067500
0.100000	, 0.067500
0.100000	, 0.067500
0.100000	, 0.067500
0.100000	, 0.067600
0.100000	, 0.068600
0.100000	, 0.068700
0.100000	, 0.069700
0.100000	, 0.070700
0.100000	, 0.070800
0.000000	, 0.069900
0.000000	, 0.068900
0.100000	, 0.069900
0.200000	, 0.070900
0.100000	, 0.071000
0.000000	, 0.070000
0.100000	, 0.071000
0.000000	, 0.070000
0.000000	, 0.069000
0.100000	, 0.069000
0.100000	, 0.070000
0.000000	, 0.070000
0.000000	, 0.069100
0.000000	, 0.068200
0.100000	, 0.068200
0.100000	, 0.068300
0.000000	, 0.067300
0.000000	, 0.067300
0.090000	, 0.068200
0.100000	, 0.069200
0.100000	, 0.070200
0.100000	, 0.071200
0.100000	, 0.072200
0.100000	, 0.073200
0.100000	, 0.073200
0.000000	, 0.073200
0.100000	, 0.074200
0.000000	, 0.074200
0.100000	, 0.075200
0.100000	, 0.075200
0.100000	, 0.076200
0.100000	, 0.077200
0.100000	, 0.078200
0.100000	, 0.079200
0.000000	, 0.079200
0.100000	, 0.080200
0.000000	, 0.080200
0.200000	, 0.082200
0.100000	, 0.082200
0.100000	, 0.082200
0.100000	, 0.083200
0.100000	, 0.083200
0.000000	, 0.082200
0.000000	, 0.081300
0.000000	, 0.081300
0.000000	, 0.080300
0.100000	, 0.080300
0.000000	, 0.079400
0.000000	, 0.078400
0.100000	, 0.078400
0.000000	, 0.077400
0.100000	, 0.077400
0.000000	, 0.076400
0.000000	, 0.076400
0.100000	, 0.076400
0.100000	, 0.077400
0.100000	, 0.077500
0.100000	, 0.077500
0.100000	, 0.078500
0.000000	, 0.078500
0.000000	, 0.078500
0.100000	, 0.078500
0.100000	, 0.078500
0.100000	, 0.078600
0.000000	, 0.077600
0.000000	, 0.076600
0.100000	, 0.076600
0.000000	, 0.075600
0.100000	, 0.074600
0.100000	, 0.074600
0.100000	, 0.074600
0.200000	, 0.075600
0.000000	, 0.073600
0.100000	, 0.073600
0.000000	, 0.073600
0.100000	, 0.073600
0.100000	, 0.073600
0.000000	, 0.072600
0.100000	, 0.072600
0.000000	, 0.071600
0.100000	, 0.071600
0.000000	, 0.070600
0.100000	, 0.071600
0.100000	, 0.070600
0.100000	, 0.070600
0.100000	, 0.070600
0.100000	, 0.070600
0.100000	, 0.069700
0.000000	, 0.068800
0.100000	, 0.068800
0.100000	, 0.068900
0.000000	, 0.067900
0.000000	, 0.066900
0.200000	, 0.067900
0.100000	, 0.067900
0.200000	, 0.068900
0.100000	, 0.068900
0.000000	, 0.067900
0.100000	, 0.067900
0.100000	, 0.067900
0.100000	, 0.068900
0.000000	, 0.068900
0.100000	, 0.068900
0.200000	, 0.068900
0.100000	, 0.068900
0.100000	, 0.069900
0.100000	, 0.069900
0.090000	, 0.070800
0.000000	, 0.070800
0.100000	, 0.070800
0.100000	, 0.070800
0.300000	, 0.073800
0.100000	, 0.074800
0.100000	, 0.075800
0.100000	, 0.075800
0.100000	, 0.075800
0.000000	, 0.075800
0.090000	, 0.076700
0.100000	, 0.076800
0.090000	, 0.076700
0.100000	, 0.076700
0.100000	, 0.076700
0.100000	, 0.076700
0.090000	, 0.076600
0.100000	, 0.076600
0.100000	, 0.077600
0.100000	, 0.077600
0.100000	, 0.078600
0.090000	, 0.078500
0.100000	, 0.078500
0.200000	, 0.079500
0.190000	, 0.080400
0.100000	, 0.080400
0.600000	, 0.085400
0.000000	, 0.085400
0.100000	, 0.085400
0.000000	, 0.085400
0.100000	, 0.084400
0.100000	, 0.084400
0.600000	, 0.089400
0.100000	, 0.089400
0.000000	, 0.088400
0.000000	, 0.088400
0.100000	, 0.089400
0.000000	, 0.089400
0.300000	, 0.092400
0.100000	, 0.092400
0.100000	, 0.093400
0.200000	, 0.095400
0.100000	, 0.095400
0.100000	, 0.096400
0.100000	, 0.096400
0.700000	, 0.103400
0.290000	, 0.106300
0.100000	, 0.106300
0.300000	, 0.108300
0.100000	, 0.108300
0.100000	, 0.108300
0.100000	, 0.108300
0.100000	, 0.109300
0.100000	, 0.110300
0.200000	, 0.111300
0.000000	, 0.110300
0.000000	, 0.109300
0.000000	, 0.109300
0.800000	, 0.117300
0.000000	, 0.116300
0.100000	, 0.117300
0.000000	, 0.116300
0.000000	, 0.115300
0.000000	, 0.114300
0.200000	, 0.114300
0.100000	, 0.115300
0.100000	, 0.115300
0.900000	, 0.124300
0.000000	, 0.123300
0.000000	, 0.122300
0.000000	, 0.122300
0.200000	, 0.123300
0.200000	, 0.125300
0.100000	, 0.125300
0.100000	, 0.126300
0.100000	, 0.126300
0.100000	, 0.126300
0.700000	, 0.132300
0.000000	, 0.131300
0.000000	, 0.130300
0.100000	, 0.130300
0.200000	, 0.132300
0.100000	, 0.132300
0.000000	, 0.131300
0.000000	, 0.131300
0.000000	, 0.131300
0.000000	, 0.129300
0.000000	, 0.128300
0.000000	, 0.126300
0.100000	, 0.126300
0.100000	, 0.127300
0.200000	, 0.128300
0.000000	, 0.127300
0.400000	, 0.130300
0.100000	, 0.131300
0.000000	, 0.130300
0.100000	, 0.129300
0.000000	, 0.128300
0.000000	, 0.127300
0.100000	, 0.127300
0.300000	, 0.129400
0.100000	, 0.130400
0.300000	, 0.132400
0.000000	, 0.131400
0.000000	, 0.128400
0.100000	, 0.128400
0.100000	, 0.128400
0.100000	, 0.128400
0.100000	, 0.128400
0.000000	, 0.128400
0.100000	, 0.128500
0.000000	, 0.127500
0.100000	, 0.127600
0.100000	, 0.127600
0.100000	, 0.127600
0.100000	, 0.127600
0.000000	, 0.126700
0.100000	, 0.126700
0.100000	, 0.126700
0.100000	, 0.126700
0.100000	, 0.126700
0.100000	, 0.126800
0.100000	, 0.126800
0.000000	, 0.124800
0.000000	, 0.122900
0.100000	, 0.122900
0.090000	, 0.117800
0.200000	, 0.119800
0.100000	, 0.119800
0.000000	, 0.119800
0.100000	, 0.119800
0.100000	, 0.119800
0.100000	, 0.114800
0.100000	, 0.114800
0.000000	, 0.114800
0.100000	, 0.115800
0.100000	, 0.115800
0.100000	, 0.116800
0.100000	, 0.114800
0.100000	, 0.114800
0.100000	, 0.114800
0.100000	, 0.113800
0.200000	, 0.114800
0.300000	, 0.116800
0.100000	, 0.116800
0.200000	, 0.111800
0.100000	, 0.109900
0.000000	, 0.108900
0.200000	, 0.107900
0.300000	, 0.109900
0.200000	, 0.110900
0.400000	, 0.113900
0.400000	, 0.116900
0.500000	, 0.120900
0.200000	, 0.120900
0.100000	, 0.121900
0.500000	, 0.126900
0.300000	, 0.129900
0.300000	, 0.124900
0.200000	, 0.126900
0.000000	, 0.125900
0.200000	, 0.127900
0.000000	, 0.127900
0.100000	, 0.128900
0.400000	, 0.130900
0.600000	, 0.135900
0.100000	, 0.135900
1.000000	, 0.136900
0.000000	, 0.136900
1.000000	, 0.146900
0.100000	, 0.147900
0.100000	, 0.146900
2.100000	, 0.165900
0.100000	, 0.165900
0.100000	, 0.165900
2.200000	, 0.186900
0.400000	, 0.189900
0.600000	, 0.188900
2.600000	, 0.214900
2.600000	, 0.240900
0.100000	, 0.240900
0.200000	, 0.240900
1.300000	, 0.252900
0.200000	, 0.254900
1.700000	, 0.271900
0.800000	, 0.279900
1.500000	, 0.294900
1.300000	, 0.307900
0.600000	, 0.313900
0.400000	, 0.316900
0.100000	, 0.316900
0.700000	, 0.321900
1.700000	, 0.338900
1.400000	, 0.348900
0.000000	, 0.347900
2.500000	, 0.372900
2.600000	, 0.397900
0.000000	, 0.397900
2.600000	, 0.423900
0.800000	, 0.430900
1.000000	, 0.437900
2.100000	, 0.457900
0.400000	, 0.458900
2.600000	, 0.484900
1.100000	, 0.495900
0.200000	, 0.496900
0.100000	, 0.496900
0.400000	, 0.499900
0.490000	, 0.503800
0.400000	, 0.507800
0.190000	, 0.508700
0.600000	, 0.514700
0.200000	, 0.515700
0.300000	, 0.517700
0.500000	, 0.521700
0.300000	, 0.523700
0.690000	, 0.530600
0.400000	, 0.533600
0.000000	, 0.532600
0.900000	, 0.540600
1.000000	, 0.549600
0.600000	, 0.554600
0.300000	, 0.556600
1.600000	, 0.572600
0.000000	, 0.572600
2.600000	, 0.597600
2.600000	, 0.622700
0.100000	, 0.621700
0.600000	, 0.626700
0.800000	, 0.634700
1.200000	, 0.645700
1.000000	, 0.654700
2.600000	, 0.679700
0.700000	, 0.685700
0.100000	, 0.686700
2.590000	, 0.711600
1.000000	, 0.720600
0.690000	, 0.726500
0.200000	, 0.727500
0.200000	, 0.728500
0.300000	, 0.730500
0.200000	, 0.731500
0.100000	, 0.730500
0.100000	, 0.728500
0.400000	, 0.731500
1.100000	, 0.740500
0.500000	, 0.744500
0.500000	, 0.749500
0.000000	, 0.747500
0.100000	, 0.745500
0.300000	, 0.746500
0.400000	, 0.746500
0.300000	, 0.745500
0.100000	, 0.741500
0.400000	, 0.743500
0.200000	, 0.744500
0.900000	, 0.748500
0.400000	, 0.749500
0.200000	, 0.748500
0.300000	, 0.749500
0.200000	, 0.751500
0.400000	, 0.753500
0.500000	, 0.758500
0.090000	, 0.758400
1.400000	, 0.768400
0.100000	, 0.763400
0.490000	, 0.767300
0.100000	, 0.758300
0.200000	, 0.760300
1.100000	, 0.761300
1.690000	, 0.777200
0.000000	, 0.776200
2.600000	, 0.781200
0.100000	, 0.781200
1.100000	, 0.791200
0.190000	, 0.771100
1.100000	, 0.778100
0.700000	, 0.779100
0.500000	, 0.758100
1.200000	, 0.744100
0.200000	, 0.745100
0.700000	, 0.750100
1.000000	, 0.747100
1.200000	, 0.757100
1.200000	, 0.752100
0.600000	, 0.750100
0.500000	, 0.740100
0.200000	, 0.729100
0.000000	, 0.723100
2.600000	, 0.745100
1.900000	, 0.763100
1.000000	, 0.766100
0.200000	, 0.751100
0.500000	, 0.742100
0.200000	, 0.744100
0.100000	, 0.720100
0.600000	, 0.700100
0.600000	, 0.706100
0.100000	, 0.681100
0.200000	, 0.675100
0.190000	, 0.667000
0.200000	, 0.648000
2.490000	, 0.668900
2.600000	, 0.668900
0.100000	, 0.658900
1.100000	, 0.667900
1.500000	, 0.681900
2.600000	, 0.703900
2.600000	, 0.725000
1.900000	, 0.740000
2.100000	, 0.759100
0.100000	, 0.754100
0.600000	, 0.758100
1.790000	, 0.773000
2.600000	, 0.794000
0.700000	, 0.798000
1.200000	, 0.803100
0.100000	, 0.800100
2.000000	, 0.820100
1.200000	, 0.823100
0.300000	, 0.816100
2.500000	, 0.835100
2.600000	, 0.858100
2.600000	, 0.868100
1.500000	, 0.883100
0.400000	, 0.861100
2.600000	, 0.861100
2.600000	, 0.886100
0.190000	, 0.882000
2.600000	, 0.900000
2.090000	, 0.908900
1.800000	, 0.916900
2.600000	, 0.916900
2.700000	, 0.936900
1.700000	, 0.952900
0.200000	, 0.929000
2.100000	, 0.940000
1.300000	, 0.946100
2.200000	, 0.966100
0.200000	, 0.966100
2.200000	, 0.985100
0.500000	, 0.988100
0.200000	, 0.989100
0.290000	, 0.991000
1.900000	, 1.006000
1.400000	, 1.009000
0.300000	, 1.007000
0.600000	, 1.008000
1.400000	, 1.022000
1.000000	, 1.031000
0.200000	, 1.030000
0.800000	, 1.034000
2.600000	, 1.057000
0.300000	, 1.059000
0.200000	, 1.057000
2.300000	, 1.078000
2.600000	, 1.095000
0.300000	, 1.094000
0.200000	, 1.094000
0.200000	, 1.093000
0.200000	, 1.093000
1.300000	, 1.102000
0.200000	, 1.099000
2.600000	, 1.124100
1.100000	, 1.121100
0.300000	, 1.123100
0.500000	, 1.123200
0.300000	, 1.125200
0.200000	, 1.125200
0.200000	, 1.116200
1.700000	, 1.116300
1.100000	, 1.127300
0.200000	, 1.103300
0.800000	, 1.110300
0.000000	, 1.099300
0.700000	, 1.104400
0.800000	, 1.101400
2.000000	, 1.114400
0.800000	, 1.117400
1.300000	, 1.118400
0.800000	, 1.124400
2.600000	, 1.143400
1.700000	, 1.150400
2.600000	, 1.164400
2.700000	, 1.179400
2.600000	, 1.199400
0.900000	, 1.203400
2.600000	, 1.227400
2.700000	, 1.254400
1.990000	, 1.248300
2.600000	, 1.255300
0.900000	, 1.254300
2.600000	, 1.278300
2.500000	, 1.298300
2.600000	, 1.322300
2.600000	, 1.347300
1.300000	, 1.354300
2.600000	, 1.374300
0.600000	, 1.379300
2.600000	, 1.403300
2.600000	, 1.427400
0.800000	, 1.433400
1.400000	, 1.422500
2.600000	, 1.422500
1.100000	, 1.432500
2.600000	, 1.447500
0.590000	, 1.438400
0.400000	, 1.416400
1.100000	, 1.401400
1.100000	, 1.393400
0.100000	, 1.373400
0.190000	, 1.374300
2.600000	, 1.394300
2.600000	, 1.402400
2.700000	, 1.403400
1.000000	, 1.406400
0.000000	, 1.394400
2.600000	, 1.419400
0.100000	, 1.400400
2.600000	, 1.414400
2.600000	, 1.437400
2.700000	, 1.439400
1.600000	, 1.429400
0.600000	, 1.409400
1.400000	, 1.408400
1.600000	, 1.420400
2.300000	, 1.417400
0.800000	, 1.399400
2.100000	, 1.418500
2.600000	, 1.418500
0.190000	, 1.399500
2.600000	, 1.407500
2.600000	, 1.407500
0.000000	, 1.380500
0.200000	, 1.365500
2.600000	, 1.389500
0.000000	, 1.368500
2.600000	, 1.381500
2.600000	, 1.385500
0.200000	, 1.385500
1.500000	, 1.378500
0.200000	, 1.375500
0.700000	, 1.380500
0.200000	, 1.379600
2.000000	, 1.380600
1.600000	, 1.382600
2.400000	, 1.403600
1.500000	, 1.412600
2.600000	, 1.424600
0.000000	, 1.414600
0.690000	, 1.419500
0.300000	, 1.414500
0.300000	, 1.391500
1.100000	, 1.399500
2.100000	, 1.418500
0.700000	, 1.402500
0.400000	, 1.380500
0.400000	, 1.381500
0.200000	, 1.381500
0.200000	, 1.381500
1.400000	, 1.393500
0.700000	, 1.387500
1.000000	, 1.395500
0.600000	, 1.375500
0.200000	, 1.366500
1.390000	, 1.377400
0.200000	, 1.374400
2.000000	, 1.391400
0.800000	, 1.397400
0.200000	, 1.397400
0.800000	, 1.388400
0.000000	, 1.377400
0.200000	, 1.377400
2.600000	, 1.395400
0.000000	, 1.395400
0.100000	, 1.389400
1.700000	, 1.398400
0.800000	, 1.386400
1.000000	, 1.388400
0.900000	, 1.384400
1.200000	, 1.388400
0.800000	, 1.370400
0.000000	, 1.353400
0.900000	, 1.336400
0.200000	, 1.311400
1.100000	, 1.296400
0.700000	, 1.294400
2.600000	, 1.294400
2.400000	, 1.291400
2.600000	, 1.297500
0.300000	, 1.274500
1.400000	, 1.279500
2.600000	, 1.279500
2.400000	, 1.278500
1.900000	, 1.271500
2.600000	, 1.271500
0.200000	, 1.260500
0.600000	, 1.240500
0.900000	, 1.243500
0.700000	, 1.224500
0.100000	, 1.199500
1.700000	, 1.208500
0.700000	, 1.201500
0.100000	, 1.176500
1.700000	, 1.182500
1.400000	, 1.170500
2.200000	, 1.186600
0.200000	, 1.184600
0.500000	, 1.178600
0.400000	, 1.171600
0.100000	, 1.171600
0.600000	, 1.175700
0.100000	, 1.150700
0.100000	, 1.125700
0.200000	, 1.100700
0.490000	, 1.095600
0.900000	, 1.104600
0.100000	, 1.079600
0.600000	, 1.084600
0.100000	, 1.059600
1.300000	, 1.046600
2.090000	, 1.040500
2.600000	, 1.050500
0.400000	, 1.048500
0.790000	, 1.042400
0.390000	, 1.030300
2.600000	, 1.033300
1.390000	, 1.039200
0.200000	, 1.020200
2.600000	, 1.020200
1.190000	, 1.030200
