0.000000	, 0.000000
1.000000	, 0.500000
1.000000	, 0.666667
0.000000	, 0.500000
0.000000	, 0.400000
-2.000000	, 0.000000
0.000000	, 0.000000
-2.000000	, -0.250000
-3.000000	, -0.555556
1.000000	, -0.400000
2.000000	, -0.181818
0.000000	, -0.166667
2.000000	, 0.000000
-1.000000	, -0.071429
1.000000	, 0.000000
0.000000	, 0.000000
-1.000000	, -0.058824
1.000000	, 0.000000
2.000000	, 0.105263
0.000000	, 0.100000
0.000000	, 0.095238
0.000000	, 0.090909
0.000000	, 0.086957
-1.000000	, 0.041667
-2.000000	, -0.040000
2.000000	, 0.038462
1.000000	, 0.074074
2.000000	, 0.142857
1.000000	, 0.172414
0.000000	, 0.166667
1.000000	, 0.193548
-1.000000	, 0.156250
3.000000	, 0.242424
1.000000	, 0.264706
-1.000000	, 0.228571
0.000000	, 0.222222
-1.000000	, 0.189189
0.000000	, 0.184211
0.000000	, 0.179487
0.000000	, 0.175000
2.000000	, 0.219512
2.000000	, 0.261905
2.000000	, 0.302326
0.000000	, 0.295455
4.000000	, 0.377778
2.000000	, 0.413043
3.000000	, 0.468085
0.000000	, 0.458333
5.000000	, 0.551020
2.000000	, 0.580000
2.000000	, 0.607843
3.000000	, 0.653846
2.000000	, 0.679245
0.000000	, 0.666667
0.000000	, 0.654545
2.000000	, 0.678571
0.000000	, 0.666667
0.000000	, 0.655172
2.000000	, 0.677966
3.000000	, 0.716667
1.000000	, 0.721311
6.000000	, 0.806452
4.000000	, 0.857143
2.000000	, 0.875000
6.000000	, 0.953846
4.000000	, 1.000000
4.000000	, 1.044776
0.000000	, 1.029412
6.000000	, 1.101449
8.000000	, 1.200000
6.000000	, 1.267606
5.000000	, 1.319444
7.000000	, 1.397260
4.000000	, 1.432432
5.000000	, 1.480000
6.000000	, 1.539474
5.000000	, 1.584416
-1.000000	, 1.551282
-2.000000	, 1.506329
3.000000	, 1.525000
4.000000	, 1.555556
3.000000	, 1.573171
3.000000	, 1.590361
0.000000	, 1.571429
3.000000	, 1.588235
2.000000	, 1.593023
5.000000	, 1.632184
4.000000	, 1.659091
2.000000	, 1.662921
5.000000	, 1.700000
4.000000	, 1.725275
5.000000	, 1.760870
7.000000	, 1.817204
7.000000	, 1.872340
6.000000	, 1.915789
8.000000	, 1.979167
7.000000	, 2.030928
4.000000	, 2.051020
4.000000	, 2.070707
6.000000	, 2.110000
1.000000	, 2.120000
4.000000	, 2.150000
4.000000	, 2.180000
6.000000	, 2.240000
0.000000	, 2.240000
4.000000	, 2.300000
10.000000	, 2.400000
9.000000	, 2.510000
3.000000	, 2.570000
5.000000	, 2.610000
9.000000	, 2.680000
10.000000	, 2.780000
7.000000	, 2.830000
5.000000	, 2.890000
1.000000	, 2.890000
-1.000000	, 2.880000
7.000000	, 2.960000
4.000000	, 2.990000
9.000000	, 3.060000
9.000000	, 3.150000
11.000000	, 3.260000
2.000000	, 3.280000
6.000000	, 3.340000
4.000000	, 3.390000
7.000000	, 3.480000
3.000000	, 3.490000
1.000000	, 3.490000
2.000000	, 3.490000
8.000000	, 3.560000
3.000000	, 3.590000
6.000000	, 3.640000
3.000000	, 3.680000
1.000000	, 3.660000
2.000000	, 3.670000
4.000000	, 3.720000
0.000000	, 3.720000
8.000000	, 3.810000
1.000000	, 3.820000
1.000000	, 3.830000
11.000000	, 3.940000
8.000000	, 4.000000
5.000000	, 4.030000
11.000000	, 4.120000
9.000000	, 4.210000
6.000000	, 4.230000
6.000000	, 4.270000
6.000000	, 4.300000
9.000000	, 4.390000
5.000000	, 4.390000
7.000000	, 4.440000
10.000000	, 4.520000
6.000000	, 4.550000
8.000000	, 4.610000
1.000000	, 4.620000
2.000000	, 4.640000
4.000000	, 4.660000
12.000000	, 4.780000
3.000000	, 4.810000
1.000000	, 4.800000
8.000000	, 4.850000
5.000000	, 4.890000
6.000000	, 4.890000
10.000000	, 4.950000
4.000000	, 4.970000
10.000000	, 5.010000
2.000000	, 4.990000
2.000000	, 4.970000
0.000000	, 4.970000
12.000000	, 5.030000
9.000000	, 5.040000
9.000000	, 5.070000
13.000000	, 5.150000
13.000000	, 5.210000
8.000000	, 5.250000
15.000000	, 5.350000
9.000000	, 5.380000
9.000000	, 5.420000
13.000000	, 5.560000
14.000000	, 5.720000
10.000000	, 5.790000
4.000000	, 5.790000
6.000000	, 5.820000
3.000000	, 5.820000
16.000000	, 5.980000
9.000000	, 6.040000
10.000000	, 6.120000
5.000000	, 6.120000
7.000000	, 6.150000
9.000000	, 6.220000
12.000000	, 6.290000
4.000000	, 6.290000
9.000000	, 6.330000
1.000000	, 6.270000
14.000000	, 6.340000
9.000000	, 6.370000
2.000000	, 6.310000
10.000000	, 6.340000
4.000000	, 6.340000
11.000000	, 6.410000
7.000000	, 6.420000
11.000000	, 6.520000
1.000000	, 6.490000
2.000000	, 6.470000
6.000000	, 6.470000
17.000000	, 6.640000
7.000000	, 6.670000
10.000000	, 6.670000
9.000000	, 6.670000
12.000000	, 6.760000
2.000000	, 6.730000
7.000000	, 6.710000
17.000000	, 6.780000
6.000000	, 6.770000
9.000000	, 6.810000
13.000000	, 6.930000
12.000000	, 7.060000
0.000000	, 6.990000
4.000000	, 6.990000
7.000000	, 6.970000
4.000000	, 6.920000
10.000000	, 6.910000
8.000000	, 6.970000
8.000000	, 6.990000
9.000000	, 7.040000
7.000000	, 7.040000
12.000000	, 7.130000
9.000000	, 7.210000
10.000000	, 7.290000
6.000000	, 7.270000
13.000000	, 7.370000
5.000000	, 7.360000
14.000000	, 7.470000
8.000000	, 7.540000
11.000000	, 7.630000
5.000000	, 7.640000
6.000000	, 7.700000
8.000000	, 7.700000
4.000000	, 7.730000
10.000000	, 7.820000
16.000000	, 7.870000
13.000000	, 7.920000
12.000000	, 7.990000
17.000000	, 8.050000
9.000000	, 8.050000
11.000000	, 8.100000
7.000000	, 8.110000
10.000000	, 8.150000
12.000000	, 8.180000
9.000000	, 8.220000
7.000000	, 8.220000
11.000000	, 8.230000
10.000000	, 8.270000
11.000000	, 8.300000
5.000000	, 8.340000
4.000000	, 8.360000
4.000000	, 8.360000
5.000000	, 8.290000
11.000000	, 8.370000
13.000000	, 8.490000
14.000000	, 8.550000
12.000000	, 8.620000
9.000000	, 8.650000
13.000000	, 8.680000
10.000000	, 8.740000
15.000000	, 8.790000
13.000000	, 8.900000
11.000000	, 8.990000
8.000000	, 9.070000
11.000000	, 9.060000
9.000000	, 9.060000
11.000000	, 9.080000
8.000000	, 9.030000
4.000000	, 8.940000
10.000000	, 8.960000
7.000000	, 8.880000
14.000000	, 8.930000
11.000000	, 8.950000
15.000000	, 8.970000
9.000000	, 8.920000
5.000000	, 8.870000
11.000000	, 8.940000
13.000000	, 9.010000
13.000000	, 9.110000
7.000000	, 9.020000
20.000000	, 9.130000
15.000000	, 9.180000
9.000000	, 9.220000
15.000000	, 9.300000
11.000000	, 9.320000
12.000000	, 9.320000
12.000000	, 9.400000
19.000000	, 9.500000
10.000000	, 9.590000
14.000000	, 9.590000
8.000000	, 9.580000
14.000000	, 9.700000
10.000000	, 9.700000
13.000000	, 9.790000
10.000000	, 9.780000
15.000000	, 9.860000
14.000000	, 9.890000
11.000000	, 9.990000
9.000000	, 10.060000
15.000000	, 10.150000
9.000000	, 10.070000
13.000000	, 10.130000
13.000000	, 10.160000
14.000000	, 10.210000
17.000000	, 10.260000
11.000000	, 10.350000
12.000000	, 10.400000
11.000000	, 10.340000
11.000000	, 10.390000
9.000000	, 10.390000
4.000000	, 10.300000
11.000000	, 10.290000
19.000000	, 10.480000
5.000000	, 10.490000
15.000000	, 10.570000
6.000000	, 10.590000
10.000000	, 10.590000
8.000000	, 10.590000
18.000000	, 10.690000
16.000000	, 10.760000
11.000000	, 10.800000
7.000000	, 10.750000
17.000000	, 10.830000
12.000000	, 10.850000
10.000000	, 10.890000
12.000000	, 10.880000
10.000000	, 10.930000
12.000000	, 10.910000
16.000000	, 10.990000
7.000000	, 10.950000
10.000000	, 11.000000
18.000000	, 11.120000
16.000000	, 11.200000
18.000000	, 11.340000
12.000000	, 11.360000
12.000000	, 11.320000
19.000000	, 11.380000
8.000000	, 11.340000
13.000000	, 11.300000
11.000000	, 11.320000
13.000000	, 11.340000
11.000000	, 11.380000
11.000000	, 11.390000
11.000000	, 11.380000
10.000000	, 11.390000
14.000000	, 11.460000
14.000000	, 11.490000
14.000000	, 11.530000
14.000000	, 11.560000
18.000000	, 11.690000
17.000000	, 11.820000
17.000000	, 11.950000
9.000000	, 11.990000
15.000000	, 12.030000
16.000000	, 12.060000
11.000000	, 12.030000
17.000000	, 12.080000
17.000000	, 12.160000
5.000000	, 12.080000
11.000000	, 12.090000
23.000000	, 12.170000
11.000000	, 12.150000
7.000000	, 12.110000
8.000000	, 12.110000
18.000000	, 12.180000
13.000000	, 12.220000
13.000000	, 12.240000
11.000000	, 12.270000
16.000000	, 12.390000
14.000000	, 12.430000
10.000000	, 12.460000
12.000000	, 12.440000
16.000000	, 12.490000
14.000000	, 12.480000
14.000000	, 12.530000
18.000000	, 12.660000
13.000000	, 12.680000
18.000000	, 12.730000
5.000000	, 12.650000
14.000000	, 12.720000
14.000000	, 12.660000
23.000000	, 12.740000
16.000000	, 12.810000
14.000000	, 12.800000
15.000000	, 12.840000
14.000000	, 12.860000
21.000000	, 12.950000
17.000000	, 12.930000
11.000000	, 12.940000
16.000000	, 12.960000
14.000000	, 13.020000
16.000000	, 13.040000
8.000000	, 13.020000
14.000000	, 13.030000
23.000000	, 13.160000
13.000000	, 13.140000
17.000000	, 13.170000
14.000000	, 13.200000
20.000000	, 13.310000
13.000000	, 13.290000
15.000000	, 13.350000
11.000000	, 13.330000
19.000000	, 13.390000
19.000000	, 13.440000
4.000000	, 13.310000
14.000000	, 13.340000
13.000000	, 13.350000
15.000000	, 13.390000
20.000000	, 13.480000
11.000000	, 13.500000
14.000000	, 13.600000
21.000000	, 13.700000
13.000000	, 13.640000
14.000000	, 13.730000
19.000000	, 13.770000
14.000000	, 13.850000
15.000000	, 13.900000
18.000000	, 14.000000
13.000000	, 13.950000
14.000000	, 13.930000
19.000000	, 14.010000
14.000000	, 14.080000
16.000000	, 14.070000
18.000000	, 14.130000
5.000000	, 14.080000
12.000000	, 14.080000
11.000000	, 14.090000
20.000000	, 14.170000
12.000000	, 14.130000
14.000000	, 14.200000
14.000000	, 14.240000
17.000000	, 14.230000
20.000000	, 14.270000
16.000000	, 14.250000
15.000000	, 14.280000
11.000000	, 14.270000
14.000000	, 14.220000
14.000000	, 14.280000
16.000000	, 14.310000
10.000000	, 14.300000
19.000000	, 14.360000
20.000000	, 14.450000
2.000000	, 14.360000
10.000000	, 14.350000
12.000000	, 14.370000
13.000000	, 14.360000
24.000000	, 14.460000
15.000000	, 14.470000
13.000000	, 14.460000
16.000000	, 14.440000
21.000000	, 14.480000
13.000000	, 14.440000
23.000000	, 14.580000
21.000000	, 14.640000
20.000000	, 14.680000
15.000000	, 14.720000
13.000000	, 14.680000
15.000000	, 14.660000
22.000000	, 14.830000
13.000000	, 14.850000
20.000000	, 14.820000
19.000000	, 14.900000
17.000000	, 15.000000
12.000000	, 15.040000
10.000000	, 14.960000
16.000000	, 14.990000
18.000000	, 15.040000
17.000000	, 15.100000
20.000000	, 15.140000
14.000000	, 15.140000
16.000000	, 15.200000
14.000000	, 15.220000
16.000000	, 15.220000
6.000000	, 15.140000
21.000000	, 15.210000
13.000000	, 15.160000
15.000000	, 15.180000
7.000000	, 15.070000
3.000000	, 15.050000
10.000000	, 15.010000
14.000000	, 15.010000
15.000000	, 14.930000
15.000000	, 14.920000
16.000000	, 14.940000
16.000000	, 14.950000
14.000000	, 14.950000
15.000000	, 14.890000
17.000000	, 14.890000
12.000000	, 14.900000
15.000000	, 14.890000
17.000000	, 14.920000
10.000000	, 14.860000
16.000000	, 14.940000
15.000000	, 14.950000
17.000000	, 14.890000
11.000000	, 14.870000
18.000000	, 14.880000
12.000000	, 14.860000
15.000000	, 14.810000
15.000000	, 14.830000
16.000000	, 14.840000
19.000000	, 14.920000
17.000000	, 14.900000
13.000000	, 14.840000
19.000000	, 14.990000
16.000000	, 15.010000
19.000000	, 15.070000
16.000000	, 15.080000
16.000000	, 15.040000
21.000000	, 15.140000
14.000000	, 15.140000
13.000000	, 15.060000
18.000000	, 15.110000
17.000000	, 15.140000
18.000000	, 15.130000
14.000000	, 15.130000
20.000000	, 15.180000
18.000000	, 15.180000
21.000000	, 15.260000
22.000000	, 15.340000
15.000000	, 15.300000
17.000000	, 15.330000
17.000000	, 15.340000
21.000000	, 15.370000
12.000000	, 15.440000
21.000000	, 15.530000
15.000000	, 15.570000
19.000000	, 15.560000
14.000000	, 15.580000
16.000000	, 15.600000
14.000000	, 15.600000
14.000000	, 15.570000
21.000000	, 15.580000
16.000000	, 15.580000
17.000000	, 15.600000
16.000000	, 15.650000
16.000000	, 15.670000
14.000000	, 15.670000
17.000000	, 15.680000
20.000000	, 15.780000
10.000000	, 15.690000
20.000000	, 15.690000
12.000000	, 15.790000
12.000000	, 15.810000
17.000000	, 15.860000
15.000000	, 15.880000
13.000000	, 15.770000
14.000000	, 15.760000
15.000000	, 15.780000
14.000000	, 15.760000
8.000000	, 15.630000
15.000000	, 15.650000
13.000000	, 15.550000
4.000000	, 15.380000
18.000000	, 15.360000
13.000000	, 15.340000
13.000000	, 15.340000
11.000000	, 15.300000
21.000000	, 15.290000
18.000000	, 15.340000
21.000000	, 15.350000
14.000000	, 15.300000
18.000000	, 15.310000
18.000000	, 15.370000
13.000000	, 15.400000
16.000000	, 15.400000
19.000000	, 15.410000
18.000000	, 15.420000
2.000000	, 15.240000
8.000000	, 15.180000
17.000000	, 15.190000
21.000000	, 15.260000
19.000000	, 15.290000
14.000000	, 15.370000
16.000000	, 15.320000
19.000000	, 15.380000
15.000000	, 15.380000
12.000000	, 15.430000
13.000000	, 15.530000
18.000000	, 15.610000
12.000000	, 15.590000
13.000000	, 15.570000
11.000000	, 15.530000
16.000000	, 15.530000
11.000000	, 15.480000
14.000000	, 15.480000
17.000000	, 15.500000
14.000000	, 15.470000
18.000000	, 15.530000
12.000000	, 15.500000
11.000000	, 15.440000
13.000000	, 15.470000
15.000000	, 15.460000
14.000000	, 15.450000
20.000000	, 15.480000
10.000000	, 15.470000
13.000000	, 15.420000
26.000000	, 15.560000
20.000000	, 15.610000
20.000000	, 15.660000
14.000000	, 15.640000
16.000000	, 15.610000
18.000000	, 15.620000
13.000000	, 15.620000
11.000000	, 15.540000
20.000000	, 15.580000
13.000000	, 15.520000
17.000000	, 15.530000
12.000000	, 15.490000
19.000000	, 15.470000
13.000000	, 15.460000
12.000000	, 15.450000
12.000000	, 15.390000
13.000000	, 15.350000
14.000000	, 15.310000
10.000000	, 15.270000
11.000000	, 15.180000
13.000000	, 15.130000
14.000000	, 15.060000
18.000000	, 15.020000
15.000000	, 15.020000
12.000000	, 14.970000
15.000000	, 14.950000
15.000000	, 14.890000
19.000000	, 14.960000
16.000000	, 14.910000
10.000000	, 14.860000
17.000000	, 14.840000
15.000000	, 14.850000
12.000000	, 14.810000
14.000000	, 14.810000
12.000000	, 14.790000
19.000000	, 14.770000
17.000000	, 14.780000
13.000000	, 14.740000
16.000000	, 14.740000
12.000000	, 14.700000
14.000000	, 14.700000
17.000000	, 14.700000
14.000000	, 14.640000
18.000000	, 14.720000
16.000000	, 14.680000
16.000000	, 14.720000
14.000000	, 14.740000
15.000000	, 14.720000
11.000000	, 14.680000
17.000000	, 14.720000
16.000000	, 14.740000
19.000000	, 14.780000
18.000000	, 14.820000
14.000000	, 14.880000
12.000000	, 14.850000
13.000000	, 14.850000
11.000000	, 14.920000
17.000000	, 14.910000
12.000000	, 14.900000
17.000000	, 14.940000
21.000000	, 15.040000
17.000000	, 15.000000
11.000000	, 14.930000
20.000000	, 14.920000
12.000000	, 14.900000
16.000000	, 14.880000
22.000000	, 14.920000
14.000000	, 14.930000
12.000000	, 14.890000
18.000000	, 14.880000
13.000000	, 14.830000
16.000000	, 14.970000
18.000000	, 15.070000
15.000000	, 15.050000
12.000000	, 14.960000
18.000000	, 14.950000
12.000000	, 14.930000
14.000000	, 14.910000
18.000000	, 14.900000
15.000000	, 14.900000
17.000000	, 14.950000
11.000000	, 14.930000
16.000000	, 14.910000
17.000000	, 14.960000
16.000000	, 14.990000
20.000000	, 15.080000
13.000000	, 15.050000
16.000000	, 15.100000
19.000000	, 15.150000
15.000000	, 15.130000
16.000000	, 15.150000
6.000000	, 15.030000
16.000000	, 15.070000
14.000000	, 15.100000
14.000000	, 15.110000
15.000000	, 15.110000
14.000000	, 15.110000
18.000000	, 15.090000
21.000000	, 15.200000
17.000000	, 15.240000
19.000000	, 15.170000
11.000000	, 15.080000
20.000000	, 15.080000
17.000000	, 15.110000
17.000000	, 15.120000
16.000000	, 15.100000
17.000000	, 15.140000
12.000000	, 15.150000
18.000000	, 15.130000
16.000000	, 15.160000
10.000000	, 15.090000
6.000000	, 15.030000
8.000000	, 14.920000
16.000000	, 14.950000
19.000000	, 15.020000
21.000000	, 15.110000
11.000000	, 15.090000
21.000000	, 15.160000
22.000000	, 15.280000
13.000000	, 15.300000
19.000000	, 15.360000
14.000000	, 15.360000
15.000000	, 15.330000
8.000000	, 15.260000
12.000000	, 15.260000
17.000000	, 15.280000
11.000000	, 15.240000
19.000000	, 15.240000
21.000000	, 15.290000
15.000000	, 15.340000
19.000000	, 15.360000
12.000000	, 15.330000
22.000000	, 15.430000
19.000000	, 15.480000
4.000000	, 15.400000
16.000000	, 15.370000
23.000000	, 15.430000
10.000000	, 15.400000
18.000000	, 15.420000
14.000000	, 15.440000
6.000000	, 15.360000
15.000000	, 15.340000
12.000000	, 15.320000
17.000000	, 15.310000
14.000000	, 15.290000
17.000000	, 15.300000
8.000000	, 15.240000
9.000000	, 15.180000
17.000000	, 15.240000
12.000000	, 15.190000
15.000000	, 15.180000
15.000000	, 15.140000
13.000000	, 15.090000
20.000000	, 15.150000
14.000000	, 15.170000
16.000000	, 15.200000
15.000000	, 15.240000
12.000000	, 15.190000
18.000000	, 15.250000
12.000000	, 15.200000
13.000000	, 15.120000
13.000000	, 15.080000
14.000000	, 15.110000
16.000000	, 15.070000
16.000000	, 15.110000
14.000000	, 15.090000
21.000000	, 15.080000
16.000000	, 15.100000
17.000000	, 15.150000
17.000000	, 15.140000
13.000000	, 15.140000
13.000000	, 15.110000
15.000000	, 15.080000
15.000000	, 15.080000
18.000000	, 15.140000
18.000000	, 15.140000
19.000000	, 15.210000
15.000000	, 15.220000
5.000000	, 15.090000
15.000000	, 15.090000
20.000000	, 15.120000
19.000000	, 15.200000
13.000000	, 15.170000
11.000000	, 15.110000
6.000000	, 15.010000
13.000000	, 14.940000
16.000000	, 14.970000
13.000000	, 14.940000
23.000000	, 14.980000
11.000000	, 14.940000
17.000000	, 14.950000
12.000000	, 15.010000
13.000000	, 14.980000
18.000000	, 15.020000
15.000000	, 15.030000
16.000000	, 15.040000
16.000000	, 15.060000
12.000000	, 15.000000
19.000000	, 14.980000
12.000000	, 14.930000
17.000000	, 14.910000
17.000000	, 14.970000
14.000000	, 14.910000
15.000000	, 14.890000
19.000000	, 14.910000
17.000000	, 14.920000
11.000000	, 14.860000
4.000000	, 14.780000
20.000000	, 14.800000
15.000000	, 14.790000
12.000000	, 14.810000
19.000000	, 14.940000
11.000000	, 14.970000
17.000000	, 14.980000
15.000000	, 14.940000
16.000000	, 14.890000
12.000000	, 14.900000
9.000000	, 14.780000
17.000000	, 14.730000
17.000000	, 14.770000
10.000000	, 14.680000
13.000000	, 14.670000
13.000000	, 14.650000
17.000000	, 14.740000
12.000000	, 14.740000
23.000000	, 14.800000
15.000000	, 14.840000
18.000000	, 14.830000
18.000000	, 14.800000
15.000000	, 14.800000
17.000000	, 14.780000
25.000000	, 14.910000
10.000000	, 14.790000
18.000000	, 14.780000
17.000000	, 14.910000
20.000000	, 14.950000
12.000000	, 14.840000
14.000000	, 14.880000
18.000000	, 14.880000
16.000000	, 14.900000
18.000000	, 15.020000
13.000000	, 15.000000
14.000000	, 15.020000
16.000000	, 15.010000
17.000000	, 15.040000
18.000000	, 15.050000
20.000000	, 15.170000
16.000000	, 15.240000
18.000000	, 15.250000
20.000000	, 15.330000
23.000000	, 15.410000
15.000000	, 15.410000
12.000000	, 15.400000
17.000000	, 15.370000
16.000000	, 15.390000
12.000000	, 15.350000
9.000000	, 15.290000
10.000000	, 15.270000
10.000000	, 15.190000
13.000000	, 15.200000
15.000000	, 15.220000
16.000000	, 15.250000
12.000000	, 15.230000
18.000000	, 15.250000
14.000000	, 15.230000
20.000000	, 15.290000
19.000000	, 15.270000
17.000000	, 15.280000
19.000000	, 15.300000
15.000000	, 15.280000
12.000000	, 15.270000
12.000000	, 15.260000
19.000000	, 15.300000
14.000000	, 15.290000
20.000000	, 15.310000
14.000000	, 15.270000
17.000000	, 15.250000
19.000000	, 15.290000
19.000000	, 15.430000
19.000000	, 15.470000
19.000000	, 15.460000
21.000000	, 15.480000
20.000000	, 15.550000
16.000000	, 15.600000
19.000000	, 15.730000
16.000000	, 15.760000
18.000000	, 15.780000
18.000000	, 15.830000
16.000000	, 15.760000
16.000000	, 15.810000
15.000000	, 15.790000
14.000000	, 15.810000
14.000000	, 15.820000
20.000000	, 15.840000
16.000000	, 15.850000
7.000000	, 15.760000
11.000000	, 15.710000
14.000000	, 15.730000
16.000000	, 15.700000
15.000000	, 15.730000
23.000000	, 15.790000
14.000000	, 15.760000
14.000000	, 15.760000
16.000000	, 15.770000
17.000000	, 15.750000
26.000000	, 15.840000
11.000000	, 15.840000
14.000000	, 15.940000
14.000000	, 15.880000
20.000000	, 15.930000
16.000000	, 15.970000
15.000000	, 15.930000
20.000000	, 16.020000
18.000000	, 16.030000
23.000000	, 16.110000
11.000000	, 16.060000
17.000000	, 16.110000
13.000000	, 16.150000
10.000000	, 16.080000
10.000000	, 16.010000
18.000000	, 16.090000
21.000000	, 16.170000
17.000000	, 16.210000
19.000000	, 16.230000
24.000000	, 16.350000
16.000000	, 16.280000
18.000000	, 16.310000
12.000000	, 16.250000
15.000000	, 16.220000
21.000000	, 16.280000
16.000000	, 16.270000
17.000000	, 16.190000
13.000000	, 16.220000
23.000000	, 16.270000
16.000000	, 16.260000
17.000000	, 16.230000
10.000000	, 16.210000
14.000000	, 16.210000
18.000000	, 16.210000
21.000000	, 16.260000
6.000000	, 16.140000
16.000000	, 16.170000
9.000000	, 16.120000
26.000000	, 16.220000
12.000000	, 16.170000
12.000000	, 16.110000
14.000000	, 16.050000
25.000000	, 16.140000
16.000000	, 16.120000
15.000000	, 16.070000
14.000000	, 15.980000
15.000000	, 15.980000
10.000000	, 15.960000
9.000000	, 15.880000
16.000000	, 15.880000
19.000000	, 15.950000
16.000000	, 16.020000
20.000000	, 16.120000
19.000000	, 16.210000
18.000000	, 16.260000
14.000000	, 16.250000
14.000000	, 16.230000
11.000000	, 16.220000
20.000000	, 16.240000
17.000000	, 16.270000
17.000000	, 16.240000
17.000000	, 16.220000
15.000000	, 16.200000
14.000000	, 16.150000
16.000000	, 16.160000
18.000000	, 16.220000
18.000000	, 16.280000
18.000000	, 16.270000
15.000000	, 16.280000
21.000000	, 16.290000
14.000000	, 16.290000
16.000000	, 16.280000
13.000000	, 16.220000
19.000000	, 16.220000
18.000000	, 16.210000
18.000000	, 16.200000
16.000000	, 16.150000
17.000000	, 16.120000
25.000000	, 16.210000
17.000000	, 16.190000
17.000000	, 16.200000
20.000000	, 16.220000
10.000000	, 16.140000
20.000000	, 16.180000
9.000000	, 16.110000
16.000000	, 16.120000
19.000000	, 16.170000
14.000000	, 16.170000
9.000000	, 16.060000
19.000000	, 16.090000
18.000000	, 16.200000
15.000000	, 16.240000
15.000000	, 16.250000
23.000000	, 16.320000
20.000000	, 16.370000
12.000000	, 16.260000
11.000000	, 16.230000
9.000000	, 16.180000
19.000000	, 16.210000
12.000000	, 16.160000
17.000000	, 16.070000
17.000000	, 16.130000
19.000000	, 16.180000
19.000000	, 16.230000
22.000000	, 16.250000
14.000000	, 16.230000
16.000000	, 16.240000
19.000000	, 16.230000
16.000000	, 16.210000
16.000000	, 16.140000
16.000000	, 16.190000
16.000000	, 16.180000
21.000000	, 16.260000
14.000000	, 16.300000
9.000000	, 16.290000
16.000000	, 16.270000
24.000000	, 16.300000
12.000000	, 16.250000
15.000000	, 16.210000
20.000000	, 16.170000
17.000000	, 16.180000
16.000000	, 16.160000
13.000000	, 16.170000
21.000000	, 16.230000
12.000000	, 16.140000
19.000000	, 16.170000
10.000000	, 16.100000
19.000000	, 16.160000
17.000000	, 16.100000
16.000000	, 16.100000
19.000000	, 16.120000
18.000000	, 16.200000
16.000000	, 16.220000
18.000000	, 16.220000
20.000000	, 16.210000
12.000000	, 16.270000
20.000000	, 16.310000
17.000000	, 16.390000
16.000000	, 16.290000
13.000000	, 16.300000
12.000000	, 16.300000
14.000000	, 16.300000
16.000000	, 16.210000
19.000000	, 16.240000
11.000000	, 16.200000
22.000000	, 16.280000
20.000000	, 16.330000
17.000000	, 16.400000
10.000000	, 16.410000
16.000000	, 16.410000
8.000000	, 16.300000
25.000000	, 16.390000
12.000000	, 16.310000
12.000000	, 16.240000
18.000000	, 16.240000
11.000000	, 16.210000
16.000000	, 16.230000
15.000000	, 16.270000
18.000000	, 16.250000
19.000000	, 16.270000
18.000000	, 16.280000
21.000000	, 16.320000
17.000000	, 16.340000
16.000000	, 16.360000
14.000000	, 16.340000
16.000000	, 16.320000
6.000000	, 16.200000
21.000000	, 16.230000
19.000000	, 16.270000
24.000000	, 16.300000
17.000000	, 16.330000
16.000000	, 16.330000
22.000000	, 16.420000
16.000000	, 16.390000
18.000000	, 16.390000
17.000000	, 16.380000
8.000000	, 16.300000
16.000000	, 16.290000
13.000000	, 16.170000
16.000000	, 16.160000
12.000000	, 16.110000
21.000000	, 16.120000
12.000000	, 16.140000
13.000000	, 16.070000
18.000000	, 16.160000
18.000000	, 16.180000
17.000000	, 16.160000
14.000000	, 16.160000
16.000000	, 16.230000
12.000000	, 16.160000
19.000000	, 16.170000
14.000000	, 16.160000
19.000000	, 16.200000
13.000000	, 16.100000
22.000000	, 16.120000
16.000000	, 16.160000
16.000000	, 16.210000
19.000000	, 16.310000
19.000000	, 16.310000
21.000000	, 16.400000
12.000000	, 16.350000
17.000000	, 16.350000
19.000000	, 16.350000
20.000000	, 16.360000
13.000000	, 16.270000
22.000000	, 16.350000
15.000000	, 16.340000
17.000000	, 16.320000
12.000000	, 16.280000
19.000000	, 16.310000
18.000000	, 16.330000
18.000000	, 16.350000
12.000000	, 16.260000
19.000000	, 16.310000
16.000000	, 16.380000
19.000000	, 16.410000
11.000000	, 16.280000
20.000000	, 16.360000
19.000000	, 16.400000
14.000000	, 16.340000
14.000000	, 16.310000
16.000000	, 16.310000
19.000000	, 16.370000
16.000000	, 16.320000
19.000000	, 16.390000
20.000000	, 16.400000
15.000000	, 16.450000
14.000000	, 16.400000
14.000000	, 16.370000
14.000000	, 16.350000
15.000000	, 16.310000
20.000000	, 16.330000
17.000000	, 16.340000
14.000000	, 16.300000
16.000000	, 16.260000
16.000000	, 16.300000
14.000000	, 16.240000
16.000000	, 16.230000
11.000000	, 16.180000
18.000000	, 16.230000
20.000000	, 16.310000
16.000000	, 16.330000
18.000000	, 16.350000
8.000000	, 16.240000
14.000000	, 16.270000
18.000000	, 16.230000
12.000000	, 16.150000
15.000000	, 16.130000
19.000000	, 16.220000
16.000000	, 16.220000
17.000000	, 16.310000
13.000000	, 16.190000
15.000000	, 16.220000
16.000000	, 16.260000
14.000000	, 16.220000
10.000000	, 16.210000
16.000000	, 16.210000
13.000000	, 16.190000
22.000000	, 16.230000
9.000000	, 16.130000
16.000000	, 16.110000
10.000000	, 16.000000
18.000000	, 16.010000
11.000000	, 15.960000
17.000000	, 15.990000
12.000000	, 15.950000
16.000000	, 16.050000
15.000000	, 15.990000
10.000000	, 15.900000
14.000000	, 15.800000
15.000000	, 15.780000
10.000000	, 15.720000
15.000000	, 15.650000
15.000000	, 15.640000
13.000000	, 15.590000
20.000000	, 15.620000
19.000000	, 15.730000
23.000000	, 15.800000
21.000000	, 15.880000
20.000000	, 15.920000
14.000000	, 15.940000
14.000000	, 15.870000
17.000000	, 15.920000
9.000000	, 15.880000
20.000000	, 15.900000
19.000000	, 15.910000
19.000000	, 15.930000
17.000000	, 15.960000
16.000000	, 15.960000
14.000000	, 15.980000
17.000000	, 15.960000
13.000000	, 15.950000
20.000000	, 15.960000
23.000000	, 16.060000
