1.000000	, 1.000000
1.000000	, 1.000000
0.000000	, 0.666667
1.000000	, 0.750000
-1.000000	, 0.400000
0.000000	, 0.333333
0.000000	, 0.285714
2.000000	, 0.500000
1.000000	, 0.555556
2.000000	, 0.700000
0.000000	, 0.636364
1.000000	, 0.666667
0.000000	, 0.615385
0.000000	, 0.571429
0.000000	, 0.533333
0.000000	, 0.500000
-2.000000	, 0.352941
0.000000	, 0.333333
0.000000	, 0.315789
0.000000	, 0.300000
2.000000	, 0.380952
1.000000	, 0.409091
-1.000000	, 0.347826
0.000000	, 0.333333
2.000000	, 0.400000
2.000000	, 0.461538
-1.000000	, 0.407407
0.000000	, 0.392857
0.000000	, 0.379310
0.000000	, 0.366667
1.000000	, 0.387097
0.000000	, 0.375000
2.000000	, 0.424242
-1.000000	, 0.382353
0.000000	, 0.371429
2.000000	, 0.416667
2.000000	, 0.459459
0.000000	, 0.447368
1.000000	, 0.461538
0.000000	, 0.450000
0.000000	, 0.439024
1.000000	, 0.452381
0.000000	, 0.441860
1.000000	, 0.454545
2.000000	, 0.488889
0.000000	, 0.478261
-2.000000	, 0.425532
-1.000000	, 0.395833
2.000000	, 0.428571
0.000000	, 0.420000
1.000000	, 0.431373
-1.000000	, 0.403846
1.000000	, 0.415094
0.000000	, 0.407407
-1.000000	, 0.381818
-1.000000	, 0.357143
0.000000	, 0.350877
-1.000000	, 0.327586
1.000000	, 0.338983
0.000000	, 0.333333
2.000000	, 0.360656
1.000000	, 0.370968
0.000000	, 0.365079
-1.000000	, 0.343750
1.000000	, 0.353846
1.000000	, 0.363636
2.000000	, 0.388060
1.000000	, 0.397059
1.000000	, 0.405797
0.000000	, 0.400000
2.000000	, 0.422535
0.000000	, 0.416667
1.000000	, 0.424658
0.000000	, 0.418919
0.000000	, 0.413333
0.000000	, 0.407895
2.000000	, 0.428571
2.000000	, 0.448718
-1.000000	, 0.430380
2.000000	, 0.450000
2.000000	, 0.469136
3.000000	, 0.500000
4.000000	, 0.542169
0.000000	, 0.535714
2.000000	, 0.552941
0.000000	, 0.546512
2.000000	, 0.563218
4.000000	, 0.602273
1.000000	, 0.606742
5.000000	, 0.655556
4.000000	, 0.692308
1.000000	, 0.695652
1.000000	, 0.698925
3.000000	, 0.723404
2.000000	, 0.736842
2.000000	, 0.750000
4.000000	, 0.783505
2.000000	, 0.795918
1.000000	, 0.797980
3.000000	, 0.820000
2.000000	, 0.830000
3.000000	, 0.850000
-2.000000	, 0.830000
1.000000	, 0.830000
0.000000	, 0.840000
-1.000000	, 0.830000
-3.000000	, 0.800000
2.000000	, 0.800000
0.000000	, 0.790000
0.000000	, 0.770000
0.000000	, 0.770000
3.000000	, 0.790000
2.000000	, 0.810000
1.000000	, 0.820000
2.000000	, 0.840000
0.000000	, 0.840000
1.000000	, 0.870000
1.000000	, 0.880000
1.000000	, 0.890000
2.000000	, 0.910000
-2.000000	, 0.870000
2.000000	, 0.880000
2.000000	, 0.910000
2.000000	, 0.930000
1.000000	, 0.920000
-1.000000	, 0.890000
4.000000	, 0.940000
1.000000	, 0.950000
1.000000	, 0.960000
0.000000	, 0.960000
3.000000	, 0.980000
1.000000	, 0.990000
4.000000	, 1.010000
3.000000	, 1.050000
-1.000000	, 1.040000
4.000000	, 1.060000
0.000000	, 1.040000
2.000000	, 1.060000
1.000000	, 1.060000
4.000000	, 1.100000
5.000000	, 1.150000
2.000000	, 1.160000
6.000000	, 1.220000
-1.000000	, 1.200000
3.000000	, 1.210000
2.000000	, 1.230000
2.000000	, 1.270000
3.000000	, 1.310000
0.000000	, 1.290000
3.000000	, 1.320000
1.000000	, 1.320000
-1.000000	, 1.320000
3.000000	, 1.340000
3.000000	, 1.370000
3.000000	, 1.410000
5.000000	, 1.470000
1.000000	, 1.480000
0.000000	, 1.490000
1.000000	, 1.490000
3.000000	, 1.520000
1.000000	, 1.510000
6.000000	, 1.560000
5.000000	, 1.610000
2.000000	, 1.640000
3.000000	, 1.660000
-1.000000	, 1.640000
-1.000000	, 1.610000
9.000000	, 1.690000
1.000000	, 1.690000
2.000000	, 1.710000
5.000000	, 1.740000
6.000000	, 1.800000
0.000000	, 1.790000
4.000000	, 1.830000
5.000000	, 1.880000
4.000000	, 1.920000
1.000000	, 1.910000
2.000000	, 1.910000
4.000000	, 1.960000
1.000000	, 1.950000
1.000000	, 1.940000
1.000000	, 1.920000
1.000000	, 1.890000
3.000000	, 1.920000
5.000000	, 1.950000
1.000000	, 1.960000
2.000000	, 1.960000
6.000000	, 1.980000
6.000000	, 2.030000
3.000000	, 2.010000
3.000000	, 2.000000
5.000000	, 2.040000
1.000000	, 2.040000
4.000000	, 2.050000
1.000000	, 2.040000
3.000000	, 2.050000
3.000000	, 2.040000
5.000000	, 2.070000
5.000000	, 2.110000
2.000000	, 2.100000
4.000000	, 2.120000
6.000000	, 2.150000
3.000000	, 2.200000
2.000000	, 2.210000
1.000000	, 2.220000
5.000000	, 2.280000
2.000000	, 2.330000
4.000000	, 2.350000
4.000000	, 2.390000
7.000000	, 2.460000
5.000000	, 2.510000
2.000000	, 2.500000
3.000000	, 2.510000
4.000000	, 2.540000
5.000000	, 2.570000
8.000000	, 2.650000
0.000000	, 2.640000
2.000000	, 2.650000
-1.000000	, 2.630000
5.000000	, 2.660000
5.000000	, 2.730000
3.000000	, 2.740000
3.000000	, 2.750000
3.000000	, 2.760000
1.000000	, 2.760000
0.000000	, 2.770000
6.000000	, 2.790000
4.000000	, 2.820000
7.000000	, 2.880000
6.000000	, 2.940000
5.000000	, 2.960000
7.000000	, 3.020000
9.000000	, 3.070000
5.000000	, 3.090000
7.000000	, 3.170000
3.000000	, 3.160000
9.000000	, 3.250000
-1.000000	, 3.220000
6.000000	, 3.270000
5.000000	, 3.280000
6.000000	, 3.290000
5.000000	, 3.320000
6.000000	, 3.320000
2.000000	, 3.350000
5.000000	, 3.370000
6.000000	, 3.410000
8.000000	, 3.470000
4.000000	, 3.480000
4.000000	, 3.520000
6.000000	, 3.550000
7.000000	, 3.610000
5.000000	, 3.670000
4.000000	, 3.680000
5.000000	, 3.700000
2.000000	, 3.690000
2.000000	, 3.660000
2.000000	, 3.670000
7.000000	, 3.740000
5.000000	, 3.780000
6.000000	, 3.810000
4.000000	, 3.840000
6.000000	, 3.840000
4.000000	, 3.830000
7.000000	, 3.880000
5.000000	, 3.900000
4.000000	, 3.950000
9.000000	, 4.050000
8.000000	, 4.040000
6.000000	, 4.090000
3.000000	, 4.100000
5.000000	, 4.100000
7.000000	, 4.110000
5.000000	, 4.160000
4.000000	, 4.160000
8.000000	, 4.190000
4.000000	, 4.190000
12.000000	, 4.300000
8.000000	, 4.360000
6.000000	, 4.380000
12.000000	, 4.490000
7.000000	, 4.550000
10.000000	, 4.640000
9.000000	, 4.720000
9.000000	, 4.780000
3.000000	, 4.760000
7.000000	, 4.820000
3.000000	, 4.830000
6.000000	, 4.830000
2.000000	, 4.790000
9.000000	, 4.850000
1.000000	, 4.830000
9.000000	, 4.870000
3.000000	, 4.890000
6.000000	, 4.910000
3.000000	, 4.930000
7.000000	, 4.970000
6.000000	, 5.000000
1.000000	, 4.960000
8.000000	, 4.990000
5.000000	, 5.020000
6.000000	, 5.040000
10.000000	, 5.080000
2.000000	, 5.070000
3.000000	, 5.080000
2.000000	, 5.090000
4.000000	, 5.080000
8.000000	, 5.140000
6.000000	, 5.160000
8.000000	, 5.200000
9.000000	, 5.220000
9.000000	, 5.260000
11.000000	, 5.350000
10.000000	, 5.420000
9.000000	, 5.470000
7.000000	, 5.490000
11.000000	, 5.520000
11.000000	, 5.630000
9.000000	, 5.700000
3.000000	, 5.740000
4.000000	, 5.730000
5.000000	, 5.730000
10.000000	, 5.800000
4.000000	, 5.810000
2.000000	, 5.800000
5.000000	, 5.840000
3.000000	, 5.870000
4.000000	, 5.850000
8.000000	, 5.890000
3.000000	, 5.850000
7.000000	, 5.860000
5.000000	, 5.860000
5.000000	, 5.840000
6.000000	, 5.810000
12.000000	, 5.880000
9.000000	, 5.900000
9.000000	, 5.960000
10.000000	, 5.970000
6.000000	, 6.040000
3.000000	, 6.010000
11.000000	, 6.070000
5.000000	, 6.060000
2.000000	, 6.030000
9.000000	, 6.060000
4.000000	, 6.080000
6.000000	, 6.090000
3.000000	, 6.060000
9.000000	, 6.070000
11.000000	, 6.140000
7.000000	, 6.170000
2.000000	, 6.130000
11.000000	, 6.170000
6.000000	, 6.180000
9.000000	, 6.230000
3.000000	, 6.210000
9.000000	, 6.280000
9.000000	, 6.350000
2.000000	, 6.350000
8.000000	, 6.360000
2.000000	, 6.330000
1.000000	, 6.280000
7.000000	, 6.310000
13.000000	, 6.380000
11.000000	, 6.450000
5.000000	, 6.430000
4.000000	, 6.420000
11.000000	, 6.490000
9.000000	, 6.490000
10.000000	, 6.510000
2.000000	, 6.470000
10.000000	, 6.540000
7.000000	, 6.560000
16.000000	, 6.650000
1.000000	, 6.610000
9.000000	, 6.660000
7.000000	, 6.650000
17.000000	, 6.780000
12.000000	, 6.780000
5.000000	, 6.750000
12.000000	, 6.810000
6.000000	, 6.750000
10.000000	, 6.780000
7.000000	, 6.750000
4.000000	, 6.700000
11.000000	, 6.720000
9.000000	, 6.780000
10.000000	, 6.810000
8.000000	, 6.860000
13.000000	, 6.930000
16.000000	, 7.070000
12.000000	, 7.100000
5.000000	, 7.140000
5.000000	, 7.100000
8.000000	, 7.150000
3.000000	, 7.120000
2.000000	, 7.110000
7.000000	, 7.110000
9.000000	, 7.140000
13.000000	, 7.260000
5.000000	, 7.230000
5.000000	, 7.230000
5.000000	, 7.220000
5.000000	, 7.170000
7.000000	, 7.220000
2.000000	, 7.210000
4.000000	, 7.230000
11.000000	, 7.300000
11.000000	, 7.330000
7.000000	, 7.340000
11.000000	, 7.370000
10.000000	, 7.380000
2.000000	, 7.310000
10.000000	, 7.300000
3.000000	, 7.230000
14.000000	, 7.280000
9.000000	, 7.300000
12.000000	, 7.310000
9.000000	, 7.290000
6.000000	, 7.260000
15.000000	, 7.380000
12.000000	, 7.460000
10.000000	, 7.510000
8.000000	, 7.490000
2.000000	, 7.470000
10.000000	, 7.550000
10.000000	, 7.600000
13.000000	, 7.700000
6.000000	, 7.720000
11.000000	, 7.750000
12.000000	, 7.840000
4.000000	, 7.810000
5.000000	, 7.810000
11.000000	, 7.870000
13.000000	, 7.940000
12.000000	, 7.940000
7.000000	, 7.920000
14.000000	, 7.970000
13.000000	, 8.000000
10.000000	, 8.040000
10.000000	, 8.110000
11.000000	, 8.110000
8.000000	, 8.140000
11.000000	, 8.230000
11.000000	, 8.250000
10.000000	, 8.310000
6.000000	, 8.310000
2.000000	, 8.300000
9.000000	, 8.300000
7.000000	, 8.260000
8.000000	, 8.270000
8.000000	, 8.330000
11.000000	, 8.330000
12.000000	, 8.390000
7.000000	, 8.370000
13.000000	, 8.470000
11.000000	, 8.490000
12.000000	, 8.520000
13.000000	, 8.630000
16.000000	, 8.710000
11.000000	, 8.800000
9.000000	, 8.880000
7.000000	, 8.880000
11.000000	, 8.860000
16.000000	, 8.910000
12.000000	, 8.980000
8.000000	, 9.020000
13.000000	, 9.040000
6.000000	, 9.010000
2.000000	, 8.930000
6.000000	, 8.970000
12.000000	, 8.990000
7.000000	, 8.990000
14.000000	, 8.970000
17.000000	, 9.130000
6.000000	, 9.100000
14.000000	, 9.170000
10.000000	, 9.100000
16.000000	, 9.140000
11.000000	, 9.200000
8.000000	, 9.160000
13.000000	, 9.230000
14.000000	, 9.270000
10.000000	, 9.300000
15.000000	, 9.410000
5.000000	, 9.350000
11.000000	, 9.370000
11.000000	, 9.380000
4.000000	, 9.340000
16.000000	, 9.370000
11.000000	, 9.320000
16.000000	, 9.360000
13.000000	, 9.440000
9.000000	, 9.480000
9.000000	, 9.490000
12.000000	, 9.580000
10.000000	, 9.660000
6.000000	, 9.650000
10.000000	, 9.660000
12.000000	, 9.650000
10.000000	, 9.700000
10.000000	, 9.750000
10.000000	, 9.800000
11.000000	, 9.860000
9.000000	, 9.880000
10.000000	, 9.960000
6.000000	, 9.980000
13.000000	, 10.000000
10.000000	, 9.990000
2.000000	, 9.940000
15.000000	, 9.980000
13.000000	, 10.010000
10.000000	, 10.090000
8.000000	, 10.070000
13.000000	, 10.170000
6.000000	, 10.090000
9.000000	, 10.090000
8.000000	, 10.050000
20.000000	, 10.160000
16.000000	, 10.260000
5.000000	, 10.160000
10.000000	, 10.140000
13.000000	, 10.170000
12.000000	, 10.210000
9.000000	, 10.280000
15.000000	, 10.330000
11.000000	, 10.340000
12.000000	, 10.330000
12.000000	, 10.390000
13.000000	, 10.410000
9.000000	, 10.380000
13.000000	, 10.470000
6.000000	, 10.480000
14.000000	, 10.510000
17.000000	, 10.550000
10.000000	, 10.530000
14.000000	, 10.600000
14.000000	, 10.600000
9.000000	, 10.560000
15.000000	, 10.610000
7.000000	, 10.580000
7.000000	, 10.540000
18.000000	, 10.640000
14.000000	, 10.670000
9.000000	, 10.650000
16.000000	, 10.710000
8.000000	, 10.730000
6.000000	, 10.770000
5.000000	, 10.730000
11.000000	, 10.770000
11.000000	, 10.800000
16.000000	, 10.880000
12.000000	, 10.890000
10.000000	, 10.870000
10.000000	, 10.900000
9.000000	, 10.860000
12.000000	, 10.870000
6.000000	, 10.810000
10.000000	, 10.780000
14.000000	, 10.760000
15.000000	, 10.800000
10.000000	, 10.810000
16.000000	, 10.900000
14.000000	, 10.930000
6.000000	, 10.830000
7.000000	, 10.780000
8.000000	, 10.780000
5.000000	, 10.700000
9.000000	, 10.730000
8.000000	, 10.790000
13.000000	, 10.860000
11.000000	, 10.850000
14.000000	, 10.920000
14.000000	, 10.920000
13.000000	, 10.880000
9.000000	, 10.910000
10.000000	, 10.870000
12.000000	, 10.890000
9.000000	, 10.820000
4.000000	, 10.750000
8.000000	, 10.750000
10.000000	, 10.720000
9.000000	, 10.670000
10.000000	, 10.670000
13.000000	, 10.650000
8.000000	, 10.680000
9.000000	, 10.660000
12.000000	, 10.670000
13.000000	, 10.760000
11.000000	, 10.710000
12.000000	, 10.720000
11.000000	, 10.670000
14.000000	, 10.680000
12.000000	, 10.710000
13.000000	, 10.750000
16.000000	, 10.790000
10.000000	, 10.790000
12.000000	, 10.850000
16.000000	, 10.910000
13.000000	, 10.920000
14.000000	, 10.960000
13.000000	, 10.990000
13.000000	, 11.020000
17.000000	, 11.080000
9.000000	, 11.080000
13.000000	, 11.110000
9.000000	, 11.140000
16.000000	, 11.170000
18.000000	, 11.250000
15.000000	, 11.380000
3.000000	, 11.260000
15.000000	, 11.280000
10.000000	, 11.280000
13.000000	, 11.330000
17.000000	, 11.370000
8.000000	, 11.390000
12.000000	, 11.420000
11.000000	, 11.450000
15.000000	, 11.400000
12.000000	, 11.360000
9.000000	, 11.400000
10.000000	, 11.400000
11.000000	, 11.380000
18.000000	, 11.440000
9.000000	, 11.440000
12.000000	, 11.410000
16.000000	, 11.460000
13.000000	, 11.470000
13.000000	, 11.480000
13.000000	, 11.480000
12.000000	, 11.510000
8.000000	, 11.460000
12.000000	, 11.520000
16.000000	, 11.540000
10.000000	, 11.470000
11.000000	, 11.480000
11.000000	, 11.450000
13.000000	, 11.440000
11.000000	, 11.460000
12.000000	, 11.430000
16.000000	, 11.520000
14.000000	, 11.590000
15.000000	, 11.560000
13.000000	, 11.550000
11.000000	, 11.570000
9.000000	, 11.500000
15.000000	, 11.570000
14.000000	, 11.650000
8.000000	, 11.680000
14.000000	, 11.710000
14.000000	, 11.740000
15.000000	, 11.730000
12.000000	, 11.730000
12.000000	, 11.750000
16.000000	, 11.810000
11.000000	, 11.830000
12.000000	, 11.830000
13.000000	, 11.900000
11.000000	, 11.910000
8.000000	, 11.850000
14.000000	, 11.840000
14.000000	, 11.880000
12.000000	, 11.840000
13.000000	, 11.830000
13.000000	, 11.900000
16.000000	, 11.990000
20.000000	, 12.110000
15.000000	, 12.210000
9.000000	, 12.210000
13.000000	, 12.260000
16.000000	, 12.290000
13.000000	, 12.310000
16.000000	, 12.330000
13.000000	, 12.320000
14.000000	, 12.330000
12.000000	, 12.360000
14.000000	, 12.400000
9.000000	, 12.370000
15.000000	, 12.430000
12.000000	, 12.510000
11.000000	, 12.540000
13.000000	, 12.570000
9.000000	, 12.570000
11.000000	, 12.580000
13.000000	, 12.580000
11.000000	, 12.610000
16.000000	, 12.680000
18.000000	, 12.740000
16.000000	, 12.770000
17.000000	, 12.830000
15.000000	, 12.860000
20.000000	, 12.950000
6.000000	, 12.870000
8.000000	, 12.830000
15.000000	, 12.850000
8.000000	, 12.770000
19.000000	, 12.860000
8.000000	, 12.820000
18.000000	, 12.840000
11.000000	, 12.820000
9.000000	, 12.770000
13.000000	, 12.770000
12.000000	, 12.760000
15.000000	, 12.740000
18.000000	, 12.830000
15.000000	, 12.850000
10.000000	, 12.860000
12.000000	, 12.820000
8.000000	, 12.720000
13.000000	, 12.700000
13.000000	, 12.800000
10.000000	, 12.750000
6.000000	, 12.710000
9.000000	, 12.670000
14.000000	, 12.640000
13.000000	, 12.690000
15.000000	, 12.720000
14.000000	, 12.750000
11.000000	, 12.710000
10.000000	, 12.690000
11.000000	, 12.710000
10.000000	, 12.710000
18.000000	, 12.780000
11.000000	, 12.710000
10.000000	, 12.720000
14.000000	, 12.740000
9.000000	, 12.670000
11.000000	, 12.650000
11.000000	, 12.630000
17.000000	, 12.670000
12.000000	, 12.670000
14.000000	, 12.730000
17.000000	, 12.780000
13.000000	, 12.750000
12.000000	, 12.770000
11.000000	, 12.770000
10.000000	, 12.760000
15.000000	, 12.780000
13.000000	, 12.800000
4.000000	, 12.720000
13.000000	, 12.690000
18.000000	, 12.730000
20.000000	, 12.780000
15.000000	, 12.800000
16.000000	, 12.850000
13.000000	, 12.890000
10.000000	, 12.840000
13.000000	, 12.830000
15.000000	, 12.900000
7.000000	, 12.830000
19.000000	, 12.880000
14.000000	, 12.870000
17.000000	, 12.920000
13.000000	, 12.930000
14.000000	, 12.910000
13.000000	, 12.930000
13.000000	, 12.940000
16.000000	, 12.970000
11.000000	, 12.970000
13.000000	, 13.020000
14.000000	, 13.020000
15.000000	, 13.030000
13.000000	, 13.040000
7.000000	, 12.980000
16.000000	, 13.010000
18.000000	, 13.030000
9.000000	, 12.920000
17.000000	, 12.940000
9.000000	, 12.940000
13.000000	, 12.940000
10.000000	, 12.880000
17.000000	, 12.920000
12.000000	, 12.880000
13.000000	, 12.880000
15.000000	, 12.890000
18.000000	, 12.950000
18.000000	, 12.990000
12.000000	, 13.020000
6.000000	, 12.930000
9.000000	, 12.900000
9.000000	, 12.880000
5.000000	, 12.800000
13.000000	, 12.840000
13.000000	, 12.860000
9.000000	, 12.820000
15.000000	, 12.860000
12.000000	, 12.820000
16.000000	, 12.800000
17.000000	, 12.810000
12.000000	, 12.760000
10.000000	, 12.710000
16.000000	, 12.670000
14.000000	, 12.750000
14.000000	, 12.810000
13.000000	, 12.790000
13.000000	, 12.840000
16.000000	, 12.810000
14.000000	, 12.870000
14.000000	, 12.830000
16.000000	, 12.880000
12.000000	, 12.910000
16.000000	, 12.940000
17.000000	, 12.990000
16.000000	, 13.000000
13.000000	, 12.950000
15.000000	, 12.950000
12.000000	, 12.970000
14.000000	, 12.990000
11.000000	, 13.020000
10.000000	, 12.990000
14.000000	, 13.000000
8.000000	, 12.980000
9.000000	, 13.010000
10.000000	, 13.020000
16.000000	, 13.040000
12.000000	, 13.030000
13.000000	, 13.010000
16.000000	, 13.030000
17.000000	, 13.090000
19.000000	, 13.180000
9.000000	, 13.160000
16.000000	, 13.220000
12.000000	, 13.160000
17.000000	, 13.220000
18.000000	, 13.300000
16.000000	, 13.320000
19.000000	, 13.420000
9.000000	, 13.400000
15.000000	, 13.440000
20.000000	, 13.470000
16.000000	, 13.510000
11.000000	, 13.480000
6.000000	, 13.370000
13.000000	, 13.370000
15.000000	, 13.400000
16.000000	, 13.450000
14.000000	, 13.490000
14.000000	, 13.480000
15.000000	, 13.500000
16.000000	, 13.620000
12.000000	, 13.610000
14.000000	, 13.570000
13.000000	, 13.500000
20.000000	, 13.550000
16.000000	, 13.550000
17.000000	, 13.590000
17.000000	, 13.660000
16.000000	, 13.690000
9.000000	, 13.630000
10.000000	, 13.660000
18.000000	, 13.650000
18.000000	, 13.690000
14.000000	, 13.660000
13.000000	, 13.660000
16.000000	, 13.680000
8.000000	, 13.630000
13.000000	, 13.630000
9.000000	, 13.560000
8.000000	, 13.530000
15.000000	, 13.550000
15.000000	, 13.560000
12.000000	, 13.530000
7.000000	, 13.470000
11.000000	, 13.510000
14.000000	, 13.490000
16.000000	, 13.470000
16.000000	, 13.540000
17.000000	, 13.540000
18.000000	, 13.630000
16.000000	, 13.660000
18.000000	, 13.740000
12.000000	, 13.690000
14.000000	, 13.710000
10.000000	, 13.680000
16.000000	, 13.690000
18.000000	, 13.690000
11.000000	, 13.620000
14.000000	, 13.640000
11.000000	, 13.690000
16.000000	, 13.760000
14.000000	, 13.810000
14.000000	, 13.900000
10.000000	, 13.870000
18.000000	, 13.920000
13.000000	, 13.960000
11.000000	, 13.920000
16.000000	, 13.960000
11.000000	, 13.910000
10.000000	, 13.840000
20.000000	, 13.920000
20.000000	, 14.020000
12.000000	, 13.980000
15.000000	, 13.990000
6.000000	, 13.910000
20.000000	, 13.980000
20.000000	, 14.050000
13.000000	, 14.020000
12.000000	, 14.000000
8.000000	, 13.940000
8.000000	, 13.860000
21.000000	, 13.950000
14.000000	, 13.930000
16.000000	, 13.920000
14.000000	, 13.900000
22.000000	, 13.990000
14.000000	, 13.980000
15.000000	, 14.010000
11.000000	, 13.980000
8.000000	, 13.950000
11.000000	, 13.960000
13.000000	, 13.950000
16.000000	, 14.030000
13.000000	, 14.070000
20.000000	, 14.170000
16.000000	, 14.170000
14.000000	, 14.190000
18.000000	, 14.240000
14.000000	, 14.220000
15.000000	, 14.200000
13.000000	, 14.140000
16.000000	, 14.210000
19.000000	, 14.240000
19.000000	, 14.310000
20.000000	, 14.340000
17.000000	, 14.330000
11.000000	, 14.280000
14.000000	, 14.230000
14.000000	, 14.280000
20.000000	, 14.330000
17.000000	, 14.300000
11.000000	, 14.250000
19.000000	, 14.330000
16.000000	, 14.430000
15.000000	, 14.450000
15.000000	, 14.450000
19.000000	, 14.480000
15.000000	, 14.490000
16.000000	, 14.510000
12.000000	, 14.480000
14.000000	, 14.460000
14.000000	, 14.480000
17.000000	, 14.510000
20.000000	, 14.580000
16.000000	, 14.540000
13.000000	, 14.510000
14.000000	, 14.480000
15.000000	, 14.460000
13.000000	, 14.430000
10.000000	, 14.440000
21.000000	, 14.550000
17.000000	, 14.540000
23.000000	, 14.590000
12.000000	, 14.570000
2.000000	, 14.460000
14.000000	, 14.440000
16.000000	, 14.520000
17.000000	, 14.560000
11.000000	, 14.580000
8.000000	, 14.580000
16.000000	, 14.590000
16.000000	, 14.600000
9.000000	, 14.570000
17.000000	, 14.670000
12.000000	, 14.680000
16.000000	, 14.700000
12.000000	, 14.660000
9.000000	, 14.590000
12.000000	, 14.540000
12.000000	, 14.480000
13.000000	, 14.450000
16.000000	, 14.430000
11.000000	, 14.420000
15.000000	, 14.430000
19.000000	, 14.520000
15.000000	, 14.510000
16.000000	, 14.490000
19.000000	, 14.570000
16.000000	, 14.590000
16.000000	, 14.640000
19.000000	, 14.670000
14.000000	, 14.670000
13.000000	, 14.660000
18.000000	, 14.740000
11.000000	, 14.670000
12.000000	, 14.660000
16.000000	, 14.710000
15.000000	, 14.700000
17.000000	, 14.760000
9.000000	, 14.750000
18.000000	, 14.730000
19.000000	, 14.720000
20.000000	, 14.800000
17.000000	, 14.820000
16.000000	, 14.920000
16.000000	, 14.880000
21.000000	, 14.890000
8.000000	, 14.840000
15.000000	, 14.870000
14.000000	, 14.930000
13.000000	, 14.980000
13.000000	, 14.900000
14.000000	, 14.900000
16.000000	, 14.900000
9.000000	, 14.850000
11.000000	, 14.740000
22.000000	, 14.820000
13.000000	, 14.800000
8.000000	, 14.770000
14.000000	, 14.830000
11.000000	, 14.830000
16.000000	, 14.860000
20.000000	, 14.900000
18.000000	, 14.950000
18.000000	, 14.930000
13.000000	, 14.900000
15.000000	, 14.910000
21.000000	, 14.940000
13.000000	, 14.930000
15.000000	, 14.930000
13.000000	, 14.930000
12.000000	, 14.890000
16.000000	, 14.860000
20.000000	, 14.870000
18.000000	, 14.850000
11.000000	, 14.790000
9.000000	, 14.770000
7.000000	, 14.700000
15.000000	, 14.710000
14.000000	, 14.650000
7.000000	, 14.550000
12.000000	, 14.560000
7.000000	, 14.440000
17.000000	, 14.450000
19.000000	, 14.490000
18.000000	, 14.520000
20.000000	, 14.530000
13.000000	, 14.510000
19.000000	, 14.540000
14.000000	, 14.560000
14.000000	, 14.560000
13.000000	, 14.550000
14.000000	, 14.520000
14.000000	, 14.460000
17.000000	, 14.470000
16.000000	, 14.500000
17.000000	, 14.530000
15.000000	, 14.530000
19.000000	, 14.590000
12.000000	, 14.610000
23.000000	, 14.630000
14.000000	, 14.600000
15.000000	, 14.520000
13.000000	, 14.530000
15.000000	, 14.660000
12.000000	, 14.640000
15.000000	, 14.630000
15.000000	, 14.610000
16.000000	, 14.660000
16.000000	, 14.740000
14.000000	, 14.720000
17.000000	, 14.730000
16.000000	, 14.800000
18.000000	, 14.810000
15.000000	, 14.840000
14.000000	, 14.820000
16.000000	, 14.860000
20.000000	, 14.970000
15.000000	, 15.000000
8.000000	, 14.960000
13.000000	, 14.960000
8.000000	, 14.880000
11.000000	, 14.880000
14.000000	, 14.870000
17.000000	, 14.850000
15.000000	, 14.850000
13.000000	, 14.820000
13.000000	, 14.760000
20.000000	, 14.800000
15.000000	, 14.790000
14.000000	, 14.740000
12.000000	, 14.720000
14.000000	, 14.730000
21.000000	, 14.760000
17.000000	, 14.820000
16.000000	, 14.860000
15.000000	, 14.850000
9.000000	, 14.790000
15.000000	, 14.770000
22.000000	, 14.900000
9.000000	, 14.810000
16.000000	, 14.780000
16.000000	, 14.740000
16.000000	, 14.730000
19.000000	, 14.760000
9.000000	, 14.690000
19.000000	, 14.670000
9.000000	, 14.680000
20.000000	, 14.730000
14.000000	, 14.730000
12.000000	, 14.720000
18.000000	, 14.770000
19.000000	, 14.820000
9.000000	, 14.750000
14.000000	, 14.800000
20.000000	, 14.890000
16.000000	, 14.830000
13.000000	, 14.830000
20.000000	, 14.950000
17.000000	, 14.980000
20.000000	, 15.070000
15.000000	, 15.060000
16.000000	, 15.020000
20.000000	, 15.040000
14.000000	, 15.000000
7.000000	, 14.940000
15.000000	, 14.940000
16.000000	, 14.890000
17.000000	, 14.930000
15.000000	, 14.930000
18.000000	, 14.980000
20.000000	, 15.060000
16.000000	, 15.060000
6.000000	, 14.920000
18.000000	, 14.920000
10.000000	, 14.910000
14.000000	, 14.960000
19.000000	, 15.080000
9.000000	, 15.020000
14.000000	, 15.020000
20.000000	, 15.150000
21.000000	, 15.240000
17.000000	, 15.340000
17.000000	, 15.340000
19.000000	, 15.340000
13.000000	, 15.290000
13.000000	, 15.220000
15.000000	, 15.240000
19.000000	, 15.240000
20.000000	, 15.300000
17.000000	, 15.330000
17.000000	, 15.370000
14.000000	, 15.370000
18.000000	, 15.410000
9.000000	, 15.330000
15.000000	, 15.320000
19.000000	, 15.340000
15.000000	, 15.340000
14.000000	, 15.290000
16.000000	, 15.330000
13.000000	, 15.230000
13.000000	, 15.220000
14.000000	, 15.210000
19.000000	, 15.270000
16.000000	, 15.280000
18.000000	, 15.340000
12.000000	, 15.310000
16.000000	, 15.320000
10.000000	, 15.260000
15.000000	, 15.250000
13.000000	, 15.240000
19.000000	, 15.260000
9.000000	, 15.190000
16.000000	, 15.170000
15.000000	, 15.170000
18.000000	, 15.210000
17.000000	, 15.220000
11.000000	, 15.130000
15.000000	, 15.130000
22.000000	, 15.270000
15.000000	, 15.290000
17.000000	, 15.380000
12.000000	, 15.390000
18.000000	, 15.430000
10.000000	, 15.360000
16.000000	, 15.370000
4.000000	, 15.280000
14.000000	, 15.290000
19.000000	, 15.280000
13.000000	, 15.260000
13.000000	, 15.250000
12.000000	, 15.250000
17.000000	, 15.280000
19.000000	, 15.260000
14.000000	, 15.230000
13.000000	, 15.200000
18.000000	, 15.230000
14.000000	, 15.280000
23.000000	, 15.360000
14.000000	, 15.280000
19.000000	, 15.380000
15.000000	, 15.370000
15.000000	, 15.360000
15.000000	, 15.350000
21.000000	, 15.370000
19.000000	, 15.470000
14.000000	, 15.420000
17.000000	, 15.500000
16.000000	, 15.460000
23.000000	, 15.550000
9.000000	, 15.520000
16.000000	, 15.500000
14.000000	, 15.450000
