-1.000000	, -1.000000
0.000000	, -0.500000
-1.000000	, -0.666667
0.000000	, -0.500000
2.000000	, 0.000000
1.000000	, 0.166667
-1.000000	, 0.000000
1.000000	, 0.125000
-4.000000	, -0.333333
1.000000	, -0.200000
1.000000	, -0.090909
0.000000	, -0.083333
3.000000	, 0.153846
1.000000	, 0.214286
0.000000	, 0.200000
0.000000	, 0.187500
-1.000000	, 0.117647
0.000000	, 0.111111
0.000000	, 0.105263
0.000000	, 0.100000
-1.000000	, 0.047619
1.000000	, 0.090909
1.000000	, 0.130435
2.000000	, 0.208333
2.000000	, 0.280000
3.000000	, 0.384615
2.000000	, 0.444444
2.000000	, 0.500000
3.000000	, 0.586207
3.000000	, 0.666667
3.000000	, 0.741935
5.000000	, 0.875000
5.000000	, 1.000000
5.000000	, 1.117647
0.000000	, 1.085714
2.000000	, 1.111111
3.000000	, 1.162162
2.000000	, 1.184211
2.000000	, 1.205128
4.000000	, 1.275000
0.000000	, 1.243902
2.000000	, 1.261905
4.000000	, 1.325581
4.000000	, 1.386364
2.000000	, 1.400000
8.000000	, 1.543478
4.000000	, 1.595745
3.000000	, 1.625000
8.000000	, 1.755102
4.000000	, 1.800000
3.000000	, 1.823529
7.000000	, 1.923077
6.000000	, 2.000000
6.000000	, 2.074074
5.000000	, 2.127273
2.000000	, 2.125000
8.000000	, 2.228070
5.000000	, 2.275862
9.000000	, 2.389831
7.000000	, 2.466667
3.000000	, 2.475410
4.000000	, 2.500000
8.000000	, 2.587302
4.000000	, 2.609375
7.000000	, 2.676923
4.000000	, 2.696970
8.000000	, 2.776119
6.000000	, 2.823529
4.000000	, 2.840580
9.000000	, 2.928571
4.000000	, 2.943662
9.000000	, 3.027778
8.000000	, 3.095890
3.000000	, 3.094595
6.000000	, 3.133333
7.000000	, 3.184211
11.000000	, 3.285714
6.000000	, 3.320513
7.000000	, 3.367089
7.000000	, 3.412500
5.000000	, 3.432099
1.000000	, 3.402439
6.000000	, 3.433735
8.000000	, 3.488095
11.000000	, 3.576471
7.000000	, 3.616279
4.000000	, 3.620690
12.000000	, 3.715909
10.000000	, 3.786517
5.000000	, 3.800000
6.000000	, 3.824176
11.000000	, 3.902174
11.000000	, 3.978495
5.000000	, 3.989362
7.000000	, 4.021053
9.000000	, 4.072917
5.000000	, 4.082474
12.000000	, 4.163265
7.000000	, 4.191919
9.000000	, 4.240000
8.000000	, 4.330000
6.000000	, 4.390000
14.000000	, 4.540000
5.000000	, 4.590000
7.000000	, 4.640000
5.000000	, 4.680000
5.000000	, 4.740000
11.000000	, 4.840000
7.000000	, 4.950000
8.000000	, 5.020000
10.000000	, 5.110000
11.000000	, 5.220000
11.000000	, 5.300000
5.000000	, 5.340000
6.000000	, 5.400000
11.000000	, 5.510000
12.000000	, 5.640000
11.000000	, 5.750000
10.000000	, 5.850000
11.000000	, 5.960000
13.000000	, 6.100000
7.000000	, 6.160000
7.000000	, 6.220000
6.000000	, 6.260000
6.000000	, 6.300000
5.000000	, 6.320000
10.000000	, 6.400000
11.000000	, 6.490000
10.000000	, 6.560000
10.000000	, 6.630000
4.000000	, 6.640000
13.000000	, 6.720000
11.000000	, 6.780000
12.000000	, 6.850000
8.000000	, 6.930000
4.000000	, 6.950000
18.000000	, 7.100000
10.000000	, 7.180000
3.000000	, 7.190000
7.000000	, 7.220000
3.000000	, 7.250000
11.000000	, 7.340000
10.000000	, 7.400000
14.000000	, 7.500000
9.000000	, 7.570000
4.000000	, 7.530000
7.000000	, 7.560000
9.000000	, 7.620000
7.000000	, 7.610000
2.000000	, 7.590000
7.000000	, 7.630000
13.000000	, 7.690000
6.000000	, 7.690000
8.000000	, 7.710000
12.000000	, 7.780000
3.000000	, 7.790000
9.000000	, 7.800000
5.000000	, 7.800000
8.000000	, 7.790000
12.000000	, 7.840000
8.000000	, 7.890000
11.000000	, 7.960000
1.000000	, 7.890000
8.000000	, 7.930000
5.000000	, 7.910000
11.000000	, 7.980000
1.000000	, 7.910000
3.000000	, 7.880000
9.000000	, 7.930000
16.000000	, 8.000000
5.000000	, 8.010000
10.000000	, 8.020000
5.000000	, 7.990000
5.000000	, 8.010000
7.000000	, 8.020000
15.000000	, 8.100000
13.000000	, 8.120000
4.000000	, 8.100000
7.000000	, 8.100000
11.000000	, 8.140000
10.000000	, 8.190000
5.000000	, 8.230000
13.000000	, 8.300000
6.000000	, 8.280000
5.000000	, 8.220000
7.000000	, 8.220000
13.000000	, 8.310000
10.000000	, 8.290000
11.000000	, 8.300000
13.000000	, 8.380000
7.000000	, 8.390000
10.000000	, 8.380000
13.000000	, 8.400000
7.000000	, 8.420000
9.000000	, 8.440000
8.000000	, 8.430000
9.000000	, 8.470000
12.000000	, 8.470000
8.000000	, 8.480000
14.000000	, 8.530000
4.000000	, 8.490000
10.000000	, 8.530000
3.000000	, 8.420000
8.000000	, 8.450000
14.000000	, 8.520000
10.000000	, 8.570000
7.000000	, 8.590000
7.000000	, 8.550000
13.000000	, 8.610000
11.000000	, 8.640000
12.000000	, 8.660000
13.000000	, 8.680000
16.000000	, 8.730000
13.000000	, 8.810000
7.000000	, 8.820000
15.000000	, 8.860000
9.000000	, 8.830000
9.000000	, 8.810000
15.000000	, 8.860000
9.000000	, 8.840000
9.000000	, 8.800000
7.000000	, 8.800000
16.000000	, 8.890000
4.000000	, 8.870000
17.000000	, 8.980000
6.000000	, 8.990000
12.000000	, 9.010000
14.000000	, 9.040000
9.000000	, 9.030000
15.000000	, 9.080000
8.000000	, 9.120000
15.000000	, 9.140000
5.000000	, 9.080000
6.000000	, 9.020000
12.000000	, 9.060000
12.000000	, 9.140000
9.000000	, 9.050000
8.000000	, 9.030000
12.000000	, 9.120000
8.000000	, 9.130000
14.000000	, 9.240000
5.000000	, 9.180000
13.000000	, 9.210000
12.000000	, 9.190000
16.000000	, 9.260000
14.000000	, 9.360000
14.000000	, 9.430000
16.000000	, 9.500000
13.000000	, 9.560000
14.000000	, 9.680000
18.000000	, 9.790000
17.000000	, 9.830000
13.000000	, 9.900000
7.000000	, 9.890000
16.000000	, 9.930000
6.000000	, 9.960000
11.000000	, 9.980000
13.000000	, 10.060000
13.000000	, 10.110000
7.000000	, 10.060000
15.000000	, 10.130000
20.000000	, 10.220000
16.000000	, 10.370000
12.000000	, 10.410000
13.000000	, 10.490000
19.000000	, 10.570000
14.000000	, 10.700000
8.000000	, 10.750000
17.000000	, 10.830000
13.000000	, 10.800000
13.000000	, 10.880000
14.000000	, 10.920000
15.000000	, 11.020000
13.000000	, 11.100000
10.000000	, 11.130000
16.000000	, 11.140000
16.000000	, 11.170000
15.000000	, 11.280000
12.000000	, 11.330000
8.000000	, 11.300000
10.000000	, 11.300000
17.000000	, 11.420000
12.000000	, 11.410000
16.000000	, 11.510000
16.000000	, 11.620000
12.000000	, 11.670000
11.000000	, 11.650000
4.000000	, 11.590000
21.000000	, 11.690000
12.000000	, 11.680000
8.000000	, 11.690000
15.000000	, 11.740000
13.000000	, 11.740000
8.000000	, 11.750000
18.000000	, 11.840000
10.000000	, 11.860000
12.000000	, 11.890000
9.000000	, 11.860000
19.000000	, 11.970000
8.000000	, 11.910000
9.000000	, 11.960000
17.000000	, 12.030000
15.000000	, 12.150000
8.000000	, 12.150000
14.000000	, 12.150000
16.000000	, 12.210000
9.000000	, 12.230000
10.000000	, 12.260000
17.000000	, 12.300000
12.000000	, 12.310000
10.000000	, 12.290000
17.000000	, 12.330000
5.000000	, 12.220000
14.000000	, 12.230000
17.000000	, 12.330000
13.000000	, 12.310000
14.000000	, 12.360000
14.000000	, 12.410000
12.000000	, 12.380000
13.000000	, 12.420000
15.000000	, 12.480000
19.000000	, 12.600000
13.000000	, 12.570000
9.000000	, 12.620000
13.000000	, 12.580000
17.000000	, 12.690000
19.000000	, 12.760000
10.000000	, 12.720000
12.000000	, 12.750000
12.000000	, 12.720000
8.000000	, 12.720000
9.000000	, 12.660000
16.000000	, 12.770000
12.000000	, 12.830000
18.000000	, 12.890000
11.000000	, 12.880000
20.000000	, 12.990000
14.000000	, 13.050000
14.000000	, 13.070000
10.000000	, 13.090000
22.000000	, 13.170000
17.000000	, 13.290000
17.000000	, 13.330000
18.000000	, 13.390000
14.000000	, 13.370000
17.000000	, 13.400000
17.000000	, 13.430000
16.000000	, 13.430000
13.000000	, 13.430000
18.000000	, 13.470000
11.000000	, 13.400000
8.000000	, 13.310000
13.000000	, 13.310000
9.000000	, 13.330000
8.000000	, 13.250000
21.000000	, 13.400000
8.000000	, 13.370000
12.000000	, 13.360000
19.000000	, 13.420000
20.000000	, 13.550000
9.000000	, 13.490000
16.000000	, 13.450000
19.000000	, 13.480000
15.000000	, 13.510000
2.000000	, 13.400000
18.000000	, 13.390000
11.000000	, 13.360000
13.000000	, 13.410000
17.000000	, 13.410000
17.000000	, 13.450000
11.000000	, 13.430000
14.000000	, 13.430000
18.000000	, 13.460000
1.000000	, 13.340000
11.000000	, 13.350000
17.000000	, 13.360000
9.000000	, 13.290000
7.000000	, 13.210000
13.000000	, 13.220000
12.000000	, 13.260000
13.000000	, 13.290000
15.000000	, 13.270000
16.000000	, 13.310000
13.000000	, 13.280000
20.000000	, 13.320000
12.000000	, 13.320000
16.000000	, 13.370000
19.000000	, 13.520000
13.000000	, 13.440000
17.000000	, 13.490000
10.000000	, 13.510000
13.000000	, 13.490000
4.000000	, 13.400000
15.000000	, 13.470000
12.000000	, 13.410000
9.000000	, 13.400000
12.000000	, 13.400000
12.000000	, 13.430000
19.000000	, 13.430000
17.000000	, 13.520000
9.000000	, 13.520000
20.000000	, 13.550000
16.000000	, 13.560000
18.000000	, 13.660000
9.000000	, 13.610000
21.000000	, 13.660000
9.000000	, 13.660000
16.000000	, 13.720000
18.000000	, 13.730000
17.000000	, 13.780000
18.000000	, 13.860000
17.000000	, 13.860000
10.000000	, 13.910000
12.000000	, 13.890000
15.000000	, 13.870000
16.000000	, 13.900000
14.000000	, 13.900000
13.000000	, 13.890000
15.000000	, 13.920000
13.000000	, 13.920000
7.000000	, 13.840000
19.000000	, 13.840000
24.000000	, 13.950000
14.000000	, 14.000000
9.000000	, 13.960000
17.000000	, 13.960000
4.000000	, 13.810000
13.000000	, 13.840000
14.000000	, 13.860000
19.000000	, 13.930000
16.000000	, 14.010000
7.000000	, 13.990000
15.000000	, 13.980000
6.000000	, 13.920000
11.000000	, 13.850000
17.000000	, 13.910000
17.000000	, 13.880000
15.000000	, 13.890000
7.000000	, 13.820000
16.000000	, 13.880000
21.000000	, 13.870000
16.000000	, 13.860000
18.000000	, 13.870000
9.000000	, 13.780000
16.000000	, 13.800000
22.000000	, 13.850000
12.000000	, 13.800000
20.000000	, 13.840000
14.000000	, 13.850000
1.000000	, 13.680000
18.000000	, 13.750000
15.000000	, 13.820000
15.000000	, 13.840000
16.000000	, 13.910000
18.000000	, 14.010000
17.000000	, 13.970000
17.000000	, 14.060000
20.000000	, 14.140000
16.000000	, 14.110000
15.000000	, 14.060000
16.000000	, 14.130000
16.000000	, 14.130000
12.000000	, 14.060000
17.000000	, 14.080000
12.000000	, 14.180000
18.000000	, 14.180000
18.000000	, 14.250000
15.000000	, 14.270000
19.000000	, 14.290000
20.000000	, 14.320000
10.000000	, 14.310000
17.000000	, 14.340000
15.000000	, 14.310000
17.000000	, 14.470000
17.000000	, 14.530000
20.000000	, 14.560000
19.000000	, 14.660000
16.000000	, 14.750000
15.000000	, 14.770000
20.000000	, 14.850000
22.000000	, 14.940000
21.000000	, 15.000000
20.000000	, 15.040000
20.000000	, 15.110000
17.000000	, 15.080000
17.000000	, 15.130000
12.000000	, 15.090000
18.000000	, 15.080000
14.000000	, 15.090000
23.000000	, 15.150000
12.000000	, 15.170000
16.000000	, 15.200000
20.000000	, 15.360000
11.000000	, 15.320000
15.000000	, 15.350000
14.000000	, 15.400000
4.000000	, 15.320000
14.000000	, 15.340000
17.000000	, 15.320000
15.000000	, 15.300000
18.000000	, 15.390000
16.000000	, 15.350000
18.000000	, 15.370000
17.000000	, 15.360000
15.000000	, 15.420000
11.000000	, 15.320000
16.000000	, 15.390000
16.000000	, 15.390000
14.000000	, 15.350000
15.000000	, 15.330000
19.000000	, 15.340000
18.000000	, 15.350000
17.000000	, 15.420000
13.000000	, 15.430000
17.000000	, 15.450000
21.000000	, 15.500000
18.000000	, 15.540000
17.000000	, 15.580000
12.000000	, 15.550000
13.000000	, 15.550000
18.000000	, 15.660000
14.000000	, 15.610000
17.000000	, 15.540000
11.000000	, 15.510000
16.000000	, 15.580000
12.000000	, 15.530000
18.000000	, 15.670000
16.000000	, 15.700000
16.000000	, 15.720000
15.000000	, 15.680000
16.000000	, 15.680000
14.000000	, 15.750000
20.000000	, 15.800000
16.000000	, 15.900000
18.000000	, 15.970000
11.000000	, 15.910000
15.000000	, 15.890000
12.000000	, 15.860000
10.000000	, 15.890000
9.000000	, 15.820000
18.000000	, 15.790000
15.000000	, 15.780000
14.000000	, 15.740000
13.000000	, 15.780000
21.000000	, 15.830000
22.000000	, 15.830000
8.000000	, 15.790000
18.000000	, 15.770000
14.000000	, 15.770000
13.000000	, 15.890000
19.000000	, 15.900000
15.000000	, 15.900000
17.000000	, 15.920000
15.000000	, 15.910000
5.000000	, 15.780000
18.000000	, 15.790000
15.000000	, 15.770000
16.000000	, 15.730000
20.000000	, 15.770000
14.000000	, 15.760000
14.000000	, 15.740000
13.000000	, 15.710000
17.000000	, 15.760000
16.000000	, 15.750000
13.000000	, 15.760000
13.000000	, 15.710000
17.000000	, 15.700000
13.000000	, 15.680000
16.000000	, 15.650000
21.000000	, 15.660000
15.000000	, 15.710000
16.000000	, 15.700000
16.000000	, 15.710000
17.000000	, 15.710000
20.000000	, 15.740000
12.000000	, 15.660000
12.000000	, 15.590000
16.000000	, 15.590000
17.000000	, 15.610000
17.000000	, 15.580000
16.000000	, 15.520000
20.000000	, 15.510000
20.000000	, 15.510000
6.000000	, 15.370000
20.000000	, 15.400000
19.000000	, 15.420000
17.000000	, 15.470000
17.000000	, 15.460000
17.000000	, 15.490000
19.000000	, 15.450000
13.000000	, 15.460000
9.000000	, 15.390000
11.000000	, 15.300000
16.000000	, 15.350000
15.000000	, 15.350000
17.000000	, 15.380000
19.000000	, 15.530000
17.000000	, 15.560000
19.000000	, 15.580000
17.000000	, 15.600000
12.000000	, 15.540000
13.000000	, 15.510000
15.000000	, 15.480000
20.000000	, 15.510000
9.000000	, 15.450000
8.000000	, 15.420000
18.000000	, 15.440000
6.000000	, 15.340000
18.000000	, 15.380000
13.000000	, 15.360000
14.000000	, 15.310000
16.000000	, 15.290000
2.000000	, 15.140000
14.000000	, 15.150000
17.000000	, 15.150000
18.000000	, 15.120000
9.000000	, 15.030000
16.000000	, 15.020000
19.000000	, 15.090000
19.000000	, 15.150000
19.000000	, 15.160000
19.000000	, 15.210000
20.000000	, 15.240000
20.000000	, 15.330000
15.000000	, 15.320000
14.000000	, 15.340000
14.000000	, 15.300000
20.000000	, 15.340000
15.000000	, 15.330000
13.000000	, 15.310000
18.000000	, 15.330000
15.000000	, 15.340000
15.000000	, 15.290000
20.000000	, 15.330000
14.000000	, 15.290000
16.000000	, 15.340000
13.000000	, 15.320000
11.000000	, 15.310000
19.000000	, 15.400000
18.000000	, 15.490000
15.000000	, 15.460000
14.000000	, 15.450000
12.000000	, 15.430000
18.000000	, 15.480000
6.000000	, 15.330000
15.000000	, 15.260000
19.000000	, 15.370000
14.000000	, 15.330000
13.000000	, 15.320000
17.000000	, 15.360000
15.000000	, 15.320000
16.000000	, 15.330000
8.000000	, 15.240000
14.000000	, 15.230000
19.000000	, 15.370000
15.000000	, 15.340000
12.000000	, 15.310000
11.000000	, 15.260000
9.000000	, 15.150000
11.000000	, 15.120000
18.000000	, 15.160000
18.000000	, 15.210000
12.000000	, 15.160000
14.000000	, 15.140000
13.000000	, 15.140000
14.000000	, 15.150000
16.000000	, 15.140000
13.000000	, 15.140000
20.000000	, 15.180000
13.000000	, 15.100000
10.000000	, 15.050000
14.000000	, 15.030000
15.000000	, 15.020000
19.000000	, 15.040000
20.000000	, 15.040000
18.000000	, 15.100000
18.000000	, 15.160000
18.000000	, 15.180000
4.000000	, 15.050000
13.000000	, 15.010000
15.000000	, 15.000000
18.000000	, 14.980000
19.000000	, 14.970000
7.000000	, 14.980000
15.000000	, 14.930000
16.000000	, 14.900000
15.000000	, 14.880000
13.000000	, 14.840000
17.000000	, 14.840000
23.000000	, 14.880000
22.000000	, 14.970000
18.000000	, 15.060000
8.000000	, 15.030000
19.000000	, 15.060000
1.000000	, 14.920000
15.000000	, 14.900000
17.000000	, 14.880000
11.000000	, 14.820000
18.000000	, 14.810000
19.000000	, 14.830000
17.000000	, 14.880000
12.000000	, 14.870000
13.000000	, 14.850000
17.000000	, 14.820000
19.000000	, 14.920000
19.000000	, 15.030000
19.000000	, 15.040000
8.000000	, 15.060000
13.000000	, 15.010000
13.000000	, 15.010000
16.000000	, 15.030000
22.000000	, 15.090000
15.000000	, 15.220000
11.000000	, 15.190000
22.000000	, 15.240000
16.000000	, 15.220000
13.000000	, 15.260000
19.000000	, 15.290000
17.000000	, 15.270000
19.000000	, 15.270000
22.000000	, 15.300000
14.000000	, 15.250000
12.000000	, 15.170000
20.000000	, 15.170000
16.000000	, 15.180000
12.000000	, 15.160000
16.000000	, 15.180000
10.000000	, 15.080000
22.000000	, 15.150000
15.000000	, 15.170000
13.000000	, 15.120000
19.000000	, 15.160000
8.000000	, 15.090000
17.000000	, 15.060000
23.000000	, 15.150000
9.000000	, 15.080000
21.000000	, 15.160000
14.000000	, 15.190000
16.000000	, 15.160000
15.000000	, 15.130000
13.000000	, 15.110000
10.000000	, 15.070000
14.000000	, 15.090000
18.000000	, 15.090000
20.000000	, 15.230000
18.000000	, 15.260000
20.000000	, 15.270000
15.000000	, 15.280000
17.000000	, 15.320000
15.000000	, 15.300000
22.000000	, 15.370000
16.000000	, 15.370000
12.000000	, 15.410000
19.000000	, 15.460000
18.000000	, 15.450000
19.000000	, 15.490000
19.000000	, 15.560000
14.000000	, 15.590000
21.000000	, 15.710000
15.000000	, 15.750000
14.000000	, 15.710000
14.000000	, 15.670000
21.000000	, 15.760000
16.000000	, 15.780000
1.000000	, 15.660000
22.000000	, 15.740000
18.000000	, 15.760000
18.000000	, 15.810000
18.000000	, 15.790000
18.000000	, 15.840000
15.000000	, 15.890000
19.000000	, 15.940000
11.000000	, 15.900000
19.000000	, 15.900000
14.000000	, 15.840000
17.000000	, 15.830000
16.000000	, 15.810000
20.000000	, 15.830000
13.000000	, 15.920000
14.000000	, 15.930000
14.000000	, 15.920000
18.000000	, 15.920000
17.000000	, 15.900000
17.000000	, 16.000000
18.000000	, 16.030000
5.000000	, 15.920000
14.000000	, 15.910000
16.000000	, 15.940000
15.000000	, 15.920000
18.000000	, 15.870000
17.000000	, 15.820000
18.000000	, 15.820000
14.000000	, 15.880000
10.000000	, 15.790000
13.000000	, 15.910000
13.000000	, 15.890000
12.000000	, 15.840000
13.000000	, 15.860000
14.000000	, 15.820000
13.000000	, 15.760000
23.000000	, 15.820000
14.000000	, 15.840000
11.000000	, 15.820000
14.000000	, 15.790000
18.000000	, 15.780000
14.000000	, 15.730000
17.000000	, 15.710000
11.000000	, 15.740000
17.000000	, 15.780000
19.000000	, 15.840000
13.000000	, 15.810000
7.000000	, 15.660000
16.000000	, 15.670000
9.000000	, 15.650000
14.000000	, 15.570000
17.000000	, 15.580000
17.000000	, 15.620000
9.000000	, 15.520000
7.000000	, 15.420000
17.000000	, 15.400000
13.000000	, 15.310000
16.000000	, 15.330000
19.000000	, 15.400000
19.000000	, 15.390000
14.000000	, 15.370000
15.000000	, 15.400000
21.000000	, 15.450000
18.000000	, 15.530000
15.000000	, 15.460000
15.000000	, 15.460000
13.000000	, 15.460000
16.000000	, 15.430000
22.000000	, 15.570000
19.000000	, 15.590000
14.000000	, 15.500000
22.000000	, 15.630000
18.000000	, 15.600000
13.000000	, 15.590000
20.000000	, 15.630000
17.000000	, 15.650000
19.000000	, 15.710000
13.000000	, 15.740000
4.000000	, 15.640000
14.000000	, 15.600000
19.000000	, 15.590000
8.000000	, 15.490000
16.000000	, 15.450000
18.000000	, 15.480000
21.000000	, 15.520000
16.000000	, 15.530000
22.000000	, 15.530000
17.000000	, 15.540000
16.000000	, 15.580000
17.000000	, 15.560000
20.000000	, 15.580000
17.000000	, 15.560000
9.000000	, 15.460000
19.000000	, 15.510000
11.000000	, 15.410000
8.000000	, 15.340000
15.000000	, 15.350000
15.000000	, 15.360000
16.000000	, 15.310000
11.000000	, 15.260000
16.000000	, 15.410000
9.000000	, 15.280000
1.000000	, 15.110000
18.000000	, 15.110000
21.000000	, 15.140000
24.000000	, 15.200000
15.000000	, 15.200000
20.000000	, 15.210000
13.000000	, 15.230000
12.000000	, 15.160000
14.000000	, 15.160000
22.000000	, 15.210000
18.000000	, 15.230000
12.000000	, 15.150000
18.000000	, 15.200000
17.000000	, 15.230000
20.000000	, 15.290000
1.000000	, 15.120000
17.000000	, 15.120000
16.000000	, 15.110000
14.000000	, 15.070000
18.000000	, 15.200000
18.000000	, 15.240000
5.000000	, 15.130000
18.000000	, 15.160000
17.000000	, 15.150000
16.000000	, 15.140000
15.000000	, 15.110000
18.000000	, 15.150000
5.000000	, 15.100000
14.000000	, 15.110000
18.000000	, 15.160000
18.000000	, 15.220000
16.000000	, 15.250000
24.000000	, 15.350000
22.000000	, 15.440000
15.000000	, 15.360000
15.000000	, 15.370000
13.000000	, 15.390000
15.000000	, 15.400000
7.000000	, 15.290000
15.000000	, 15.300000
14.000000	, 15.270000
10.000000	, 15.260000
15.000000	, 15.240000
17.000000	, 15.220000
7.000000	, 15.160000
15.000000	, 15.240000
19.000000	, 15.270000
19.000000	, 15.370000
20.000000	, 15.430000
11.000000	, 15.370000
9.000000	, 15.290000
22.000000	, 15.420000
16.000000	, 15.510000
16.000000	, 15.500000
15.000000	, 15.520000
7.000000	, 15.430000
12.000000	, 15.360000
16.000000	, 15.330000
18.000000	, 15.370000
22.000000	, 15.440000
15.000000	, 15.380000
11.000000	, 15.310000
17.000000	, 15.330000
6.000000	, 15.240000
19.000000	, 15.300000
16.000000	, 15.300000
18.000000	, 15.260000
16.000000	, 15.230000
14.000000	, 15.230000
16.000000	, 15.170000
5.000000	, 15.040000
18.000000	, 15.090000
12.000000	, 15.010000
15.000000	, 14.990000
16.000000	, 14.960000
14.000000	, 14.970000
14.000000	, 15.070000
11.000000	, 15.040000
17.000000	, 15.020000
18.000000	, 15.120000
15.000000	, 15.110000
15.000000	, 15.080000
17.000000	, 15.040000
18.000000	, 15.060000
17.000000	, 15.010000
15.000000	, 14.990000
18.000000	, 15.010000
18.000000	, 15.020000
7.000000	, 14.890000
16.000000	, 14.880000
16.000000	, 14.950000
19.000000	, 14.950000
15.000000	, 14.990000
8.000000	, 14.990000
15.000000	, 14.990000
12.000000	, 14.960000
2.000000	, 14.820000
15.000000	, 14.860000
17.000000	, 14.870000
16.000000	, 14.940000
18.000000	, 15.110000
17.000000	, 15.100000
21.000000	, 15.100000
16.000000	, 15.020000
15.000000	, 15.020000
16.000000	, 14.980000
13.000000	, 14.980000
15.000000	, 15.010000
5.000000	, 14.920000
19.000000	, 14.890000
10.000000	, 14.810000
13.000000	, 14.820000
12.000000	, 14.760000
10.000000	, 14.690000
17.000000	, 14.660000
15.000000	, 14.800000
8.000000	, 14.710000
12.000000	, 14.670000
22.000000	, 14.750000
12.000000	, 14.690000
14.000000	, 14.650000
10.000000	, 14.700000
15.000000	, 14.670000
16.000000	, 14.660000
18.000000	, 14.680000
14.000000	, 14.670000
23.000000	, 14.720000
13.000000	, 14.800000
21.000000	, 14.870000
14.000000	, 14.830000
25.000000	, 14.900000
15.000000	, 14.890000
15.000000	, 14.800000
20.000000	, 14.780000
18.000000	, 14.810000
22.000000	, 14.880000
18.000000	, 14.930000
19.000000	, 14.970000
16.000000	, 15.060000
16.000000	, 15.070000
23.000000	, 15.160000
17.000000	, 15.230000
4.000000	, 15.120000
17.000000	, 15.120000
15.000000	, 15.200000
25.000000	, 15.300000
20.000000	, 15.310000
20.000000	, 15.320000
17.000000	, 15.290000
15.000000	, 15.330000
18.000000	, 15.420000
10.000000	, 15.300000
19.000000	, 15.330000
3.000000	, 15.200000
15.000000	, 15.200000
24.000000	, 15.370000
15.000000	, 15.400000
16.000000	, 15.400000
13.000000	, 15.350000
12.000000	, 15.250000
17.000000	, 15.270000
7.000000	, 15.230000
9.000000	, 15.150000
22.000000	, 15.310000
22.000000	, 15.340000
18.000000	, 15.360000
18.000000	, 15.360000
7.000000	, 15.270000
5.000000	, 15.180000
11.000000	, 15.130000
12.000000	, 15.200000
20.000000	, 15.220000
11.000000	, 15.210000
12.000000	, 15.180000
18.000000	, 15.200000
19.000000	, 15.250000
16.000000	, 15.270000
20.000000	, 15.360000
15.000000	, 15.340000
9.000000	, 15.250000
16.000000	, 15.260000
14.000000	, 15.250000
16.000000	, 15.240000
11.000000	, 15.170000
15.000000	, 15.150000
18.000000	, 15.180000
13.000000	, 15.130000
17.000000	, 15.120000
13.000000	, 15.180000
22.000000	, 15.240000
20.000000	, 15.280000
17.000000	, 15.260000
17.000000	, 15.280000
10.000000	, 15.300000
17.000000	, 15.320000
18.000000	, 15.380000
14.000000	, 15.500000
16.000000	, 15.510000
17.000000	, 15.510000
9.000000	, 15.440000
12.000000	, 15.380000
14.000000	, 15.350000
12.000000	, 15.260000
18.000000	, 15.280000
20.000000	, 15.330000
14.000000	, 15.310000
17.000000	, 15.350000
17.000000	, 15.370000
14.000000	, 15.460000
22.000000	, 15.490000
19.000000	, 15.580000
20.000000	, 15.650000
19.000000	, 15.720000
20.000000	, 15.820000
19.000000	, 15.840000
15.000000	, 15.840000
21.000000	, 15.970000
15.000000	, 16.000000
18.000000	, 15.960000
17.000000	, 16.010000
16.000000	, 16.030000
17.000000	, 16.100000
21.000000	, 16.160000
4.000000	, 16.040000
18.000000	, 16.040000
16.000000	, 16.060000
18.000000	, 16.010000
10.000000	, 15.980000
22.000000	, 15.990000
16.000000	, 16.010000
16.000000	, 15.920000
17.000000	, 15.940000
7.000000	, 15.860000
18.000000	, 15.840000
7.000000	, 15.730000
18.000000	, 15.690000
14.000000	, 15.650000
18.000000	, 15.640000
18.000000	, 15.660000
11.000000	, 15.610000
8.000000	, 15.460000
16.000000	, 15.450000
23.000000	, 15.640000
12.000000	, 15.590000
20.000000	, 15.640000
15.000000	, 15.540000
20.000000	, 15.540000
15.000000	, 15.490000
17.000000	, 15.490000
17.000000	, 15.510000
17.000000	, 15.500000
19.000000	, 15.590000
17.000000	, 15.570000
11.000000	, 15.650000
19.000000	, 15.690000
21.000000	, 15.660000
17.000000	, 15.680000
20.000000	, 15.720000
12.000000	, 15.710000
16.000000	, 15.750000
20.000000	, 15.780000
13.000000	, 15.840000
17.000000	, 15.920000
20.000000	, 15.900000
12.000000	, 15.800000
9.000000	, 15.710000
16.000000	, 15.690000
13.000000	, 15.750000
19.000000	, 15.890000
14.000000	, 15.920000
8.000000	, 15.880000
11.000000	, 15.790000
21.000000	, 15.890000
16.000000	, 15.930000
14.000000	, 15.890000
17.000000	, 15.870000
15.000000	, 15.860000
14.000000	, 15.800000
16.000000	, 15.810000
21.000000	, 15.930000
22.000000	, 15.990000
14.000000	, 15.990000
16.000000	, 15.990000
18.000000	, 16.060000
16.000000	, 16.070000
17.000000	, 16.060000
19.000000	, 16.120000
21.000000	, 16.160000
21.000000	, 16.240000
10.000000	, 16.120000
14.000000	, 16.060000
22.000000	, 16.110000
19.000000	, 16.130000
16.000000	, 16.190000
11.000000	, 16.130000
23.000000	, 16.180000
22.000000	, 16.260000
17.000000	, 16.270000
11.000000	, 16.210000
16.000000	, 16.280000
18.000000	, 16.340000
13.000000	, 16.330000
14.000000	, 16.350000
17.000000	, 16.340000
14.000000	, 16.280000
18.000000	, 16.320000
18.000000	, 16.330000
16.000000	, 16.320000
17.000000	, 16.350000
17.000000	, 16.300000
21.000000	, 16.320000
14.000000	, 16.260000
21.000000	, 16.280000
11.000000	, 16.190000
17.000000	, 16.170000
18.000000	, 16.200000
15.000000	, 16.140000
21.000000	, 16.200000
19.000000	, 16.210000
17.000000	, 16.210000
22.000000	, 16.270000
22.000000	, 16.320000
9.000000	, 16.200000
16.000000	, 16.320000
17.000000	, 16.310000
18.000000	, 16.330000
13.000000	, 16.280000
19.000000	, 16.370000
14.000000	, 16.290000
16.000000	, 16.290000
11.000000	, 16.240000
8.000000	, 16.150000
14.000000	, 16.220000
18.000000	, 16.220000
