2.000000	, 2.000000
1.000000	, 1.500000
2.000000	, 1.666667
0.000000	, 1.250000
1.000000	, 1.200000
-1.000000	, 0.833333
0.000000	, 0.714286
1.000000	, 0.750000
-1.000000	, 0.555556
-1.000000	, 0.400000
-2.000000	, 0.181818
1.000000	, 0.250000
0.000000	, 0.230769
-1.000000	, 0.142857
0.000000	, 0.133333
1.000000	, 0.187500
2.000000	, 0.294118
3.000000	, 0.444444
1.000000	, 0.473684
2.000000	, 0.550000
0.000000	, 0.523810
3.000000	, 0.636364
1.000000	, 0.652174
3.000000	, 0.750000
3.000000	, 0.840000
4.000000	, 0.961538
1.000000	, 0.962963
1.000000	, 0.964286
2.000000	, 1.000000
1.000000	, 1.000000
2.000000	, 1.032258
2.000000	, 1.062500
1.000000	, 1.060606
4.000000	, 1.147059
7.000000	, 1.314286
5.000000	, 1.416667
2.000000	, 1.432432
4.000000	, 1.500000
3.000000	, 1.538462
3.000000	, 1.575000
3.000000	, 1.609756
7.000000	, 1.738095
7.000000	, 1.860465
0.000000	, 1.818182
4.000000	, 1.866667
2.000000	, 1.869565
2.000000	, 1.872340
4.000000	, 1.916667
6.000000	, 2.000000
4.000000	, 2.040000
2.000000	, 2.039216
8.000000	, 2.153846
5.000000	, 2.207547
3.000000	, 2.222222
4.000000	, 2.254545
5.000000	, 2.303571
6.000000	, 2.368421
9.000000	, 2.482759
5.000000	, 2.525424
5.000000	, 2.566667
7.000000	, 2.639344
6.000000	, 2.693548
7.000000	, 2.761905
5.000000	, 2.796875
10.000000	, 2.907692
6.000000	, 2.954545
4.000000	, 2.970149
6.000000	, 3.014706
2.000000	, 3.000000
4.000000	, 3.014286
4.000000	, 3.028169
7.000000	, 3.083333
11.000000	, 3.191781
6.000000	, 3.229730
3.000000	, 3.226667
6.000000	, 3.263158
4.000000	, 3.272727
8.000000	, 3.333333
8.000000	, 3.392405
5.000000	, 3.412500
7.000000	, 3.456790
5.000000	, 3.475610
10.000000	, 3.554217
6.000000	, 3.583333
6.000000	, 3.611765
4.000000	, 3.616279
4.000000	, 3.620690
10.000000	, 3.693182
8.000000	, 3.741573
5.000000	, 3.755556
7.000000	, 3.791209
6.000000	, 3.815217
2.000000	, 3.795699
8.000000	, 3.840426
9.000000	, 3.894737
6.000000	, 3.916667
5.000000	, 3.927835
8.000000	, 3.969388
9.000000	, 4.020202
10.000000	, 4.080000
7.000000	, 4.130000
7.000000	, 4.190000
6.000000	, 4.230000
6.000000	, 4.290000
11.000000	, 4.390000
6.000000	, 4.460000
2.000000	, 4.480000
10.000000	, 4.570000
8.000000	, 4.660000
11.000000	, 4.780000
9.000000	, 4.890000
9.000000	, 4.970000
10.000000	, 5.070000
11.000000	, 5.190000
7.000000	, 5.260000
8.000000	, 5.330000
9.000000	, 5.400000
6.000000	, 5.430000
12.000000	, 5.540000
11.000000	, 5.630000
12.000000	, 5.750000
11.000000	, 5.830000
9.000000	, 5.910000
4.000000	, 5.920000
10.000000	, 5.990000
14.000000	, 6.090000
12.000000	, 6.200000
10.000000	, 6.290000
12.000000	, 6.390000
10.000000	, 6.480000
9.000000	, 6.550000
14.000000	, 6.670000
3.000000	, 6.690000
11.000000	, 6.760000
11.000000	, 6.800000
12.000000	, 6.870000
14.000000	, 6.990000
12.000000	, 7.070000
14.000000	, 7.180000
9.000000	, 7.240000
8.000000	, 7.290000
8.000000	, 7.300000
7.000000	, 7.300000
12.000000	, 7.420000
16.000000	, 7.540000
13.000000	, 7.650000
11.000000	, 7.740000
12.000000	, 7.820000
14.000000	, 7.900000
10.000000	, 7.960000
11.000000	, 8.050000
11.000000	, 8.080000
10.000000	, 8.130000
7.000000	, 8.170000
14.000000	, 8.270000
3.000000	, 8.250000
6.000000	, 8.250000
21.000000	, 8.370000
8.000000	, 8.400000
15.000000	, 8.500000
8.000000	, 8.510000
15.000000	, 8.600000
3.000000	, 8.560000
15.000000	, 8.660000
6.000000	, 8.620000
15.000000	, 8.710000
8.000000	, 8.750000
5.000000	, 8.740000
15.000000	, 8.870000
14.000000	, 8.970000
13.000000	, 9.060000
8.000000	, 9.070000
12.000000	, 9.080000
7.000000	, 9.090000
9.000000	, 9.150000
12.000000	, 9.210000
11.000000	, 9.280000
11.000000	, 9.310000
13.000000	, 9.360000
12.000000	, 9.430000
5.000000	, 9.410000
8.000000	, 9.440000
16.000000	, 9.500000
8.000000	, 9.520000
15.000000	, 9.610000
6.000000	, 9.630000
7.000000	, 9.660000
4.000000	, 9.600000
17.000000	, 9.690000
13.000000	, 9.770000
12.000000	, 9.820000
1.000000	, 9.770000
13.000000	, 9.880000
14.000000	, 9.940000
12.000000	, 9.970000
12.000000	, 10.030000
11.000000	, 10.090000
9.000000	, 10.100000
11.000000	, 10.120000
15.000000	, 10.170000
15.000000	, 10.250000
17.000000	, 10.350000
7.000000	, 10.360000
11.000000	, 10.410000
14.000000	, 10.440000
16.000000	, 10.540000
11.000000	, 10.630000
14.000000	, 10.670000
11.000000	, 10.700000
13.000000	, 10.720000
16.000000	, 10.790000
13.000000	, 10.830000
14.000000	, 10.870000
13.000000	, 10.890000
10.000000	, 10.920000
10.000000	, 10.940000
12.000000	, 10.970000
17.000000	, 11.080000
9.000000	, 11.050000
14.000000	, 11.080000
13.000000	, 11.090000
16.000000	, 11.140000
8.000000	, 11.130000
11.000000	, 11.200000
10.000000	, 11.200000
14.000000	, 11.200000
8.000000	, 11.160000
16.000000	, 11.220000
11.000000	, 11.210000
12.000000	, 11.230000
2.000000	, 11.160000
21.000000	, 11.230000
15.000000	, 11.350000
5.000000	, 11.290000
9.000000	, 11.270000
13.000000	, 11.280000
10.000000	, 11.240000
6.000000	, 11.180000
10.000000	, 11.140000
12.000000	, 11.170000
12.000000	, 11.210000
7.000000	, 11.200000
11.000000	, 11.240000
8.000000	, 11.200000
10.000000	, 11.140000
12.000000	, 11.130000
14.000000	, 11.160000
8.000000	, 11.120000
9.000000	, 11.070000
13.000000	, 11.100000
15.000000	, 11.140000
20.000000	, 11.230000
16.000000	, 11.290000
16.000000	, 11.380000
13.000000	, 11.370000
11.000000	, 11.450000
18.000000	, 11.570000
10.000000	, 11.460000
12.000000	, 11.500000
10.000000	, 11.450000
8.000000	, 11.450000
10.000000	, 11.400000
13.000000	, 11.500000
11.000000	, 11.460000
16.000000	, 11.560000
11.000000	, 11.520000
7.000000	, 11.510000
9.000000	, 11.550000
19.000000	, 11.590000
12.000000	, 11.570000
9.000000	, 11.530000
19.000000	, 11.640000
15.000000	, 11.670000
14.000000	, 11.740000
15.000000	, 11.800000
15.000000	, 11.830000
6.000000	, 11.780000
17.000000	, 11.840000
9.000000	, 11.800000
9.000000	, 11.770000
10.000000	, 11.820000
13.000000	, 11.870000
15.000000	, 11.860000
10.000000	, 11.880000
10.000000	, 11.830000
16.000000	, 11.930000
19.000000	, 12.050000
4.000000	, 12.050000
10.000000	, 11.980000
10.000000	, 11.950000
10.000000	, 11.930000
15.000000	, 12.070000
13.000000	, 12.070000
11.000000	, 12.040000
12.000000	, 12.040000
11.000000	, 12.030000
12.000000	, 12.040000
13.000000	, 12.080000
19.000000	, 12.160000
11.000000	, 12.120000
10.000000	, 12.070000
15.000000	, 12.050000
14.000000	, 12.120000
18.000000	, 12.190000
15.000000	, 12.200000
19.000000	, 12.230000
19.000000	, 12.310000
7.000000	, 12.240000
11.000000	, 12.240000
5.000000	, 12.160000
14.000000	, 12.140000
4.000000	, 12.050000
10.000000	, 12.010000
17.000000	, 12.050000
20.000000	, 12.150000
10.000000	, 12.150000
18.000000	, 12.210000
8.000000	, 12.120000
12.000000	, 12.150000
15.000000	, 12.160000
9.000000	, 12.120000
19.000000	, 12.150000
13.000000	, 12.200000
17.000000	, 12.260000
19.000000	, 12.350000
16.000000	, 12.370000
16.000000	, 12.450000
11.000000	, 12.400000
18.000000	, 12.470000
3.000000	, 12.380000
12.000000	, 12.480000
8.000000	, 12.350000
10.000000	, 12.300000
17.000000	, 12.420000
8.000000	, 12.410000
8.000000	, 12.360000
12.000000	, 12.380000
7.000000	, 12.390000
13.000000	, 12.420000
6.000000	, 12.360000
8.000000	, 12.320000
12.000000	, 12.370000
16.000000	, 12.420000
4.000000	, 12.380000
18.000000	, 12.460000
9.000000	, 12.430000
15.000000	, 12.440000
19.000000	, 12.550000
12.000000	, 12.580000
6.000000	, 12.510000
6.000000	, 12.420000
16.000000	, 12.380000
16.000000	, 12.380000
17.000000	, 12.390000
12.000000	, 12.380000
17.000000	, 12.440000
15.000000	, 12.410000
16.000000	, 12.470000
16.000000	, 12.510000
19.000000	, 12.600000
14.000000	, 12.660000
20.000000	, 12.760000
9.000000	, 12.720000
17.000000	, 12.780000
16.000000	, 12.780000
17.000000	, 12.840000
23.000000	, 13.000000
19.000000	, 13.100000
12.000000	, 13.030000
16.000000	, 13.070000
14.000000	, 13.120000
23.000000	, 13.160000
14.000000	, 13.150000
16.000000	, 13.170000
14.000000	, 13.160000
19.000000	, 13.200000
16.000000	, 13.300000
18.000000	, 13.310000
18.000000	, 13.400000
24.000000	, 13.550000
8.000000	, 13.530000
11.000000	, 13.510000
7.000000	, 13.430000
13.000000	, 13.460000
21.000000	, 13.570000
8.000000	, 13.490000
18.000000	, 13.480000
3.000000	, 13.470000
20.000000	, 13.570000
14.000000	, 13.610000
9.000000	, 13.600000
15.000000	, 13.600000
18.000000	, 13.650000
15.000000	, 13.690000
6.000000	, 13.630000
5.000000	, 13.570000
14.000000	, 13.590000
8.000000	, 13.540000
13.000000	, 13.480000
17.000000	, 13.540000
12.000000	, 13.560000
13.000000	, 13.540000
13.000000	, 13.530000
19.000000	, 13.540000
14.000000	, 13.530000
16.000000	, 13.500000
12.000000	, 13.430000
14.000000	, 13.500000
20.000000	, 13.590000
15.000000	, 13.690000
12.000000	, 13.670000
11.000000	, 13.740000
19.000000	, 13.830000
18.000000	, 13.840000
16.000000	, 13.800000
11.000000	, 13.810000
11.000000	, 13.740000
10.000000	, 13.760000
22.000000	, 13.860000
14.000000	, 13.850000
8.000000	, 13.840000
16.000000	, 13.810000
7.000000	, 13.750000
10.000000	, 13.680000
14.000000	, 13.630000
8.000000	, 13.550000
12.000000	, 13.510000
13.000000	, 13.530000
21.000000	, 13.560000
17.000000	, 13.700000
19.000000	, 13.770000
19.000000	, 13.880000
18.000000	, 13.960000
16.000000	, 13.950000
19.000000	, 14.060000
14.000000	, 14.120000
19.000000	, 14.190000
17.000000	, 14.290000
5.000000	, 14.210000
14.000000	, 14.290000
18.000000	, 14.390000
19.000000	, 14.460000
16.000000	, 14.460000
13.000000	, 14.550000
19.000000	, 14.560000
13.000000	, 14.600000
17.000000	, 14.620000
18.000000	, 14.610000
19.000000	, 14.680000
17.000000	, 14.790000
13.000000	, 14.860000
8.000000	, 14.780000
17.000000	, 14.790000
19.000000	, 14.810000
20.000000	, 14.890000
16.000000	, 14.880000
10.000000	, 14.830000
11.000000	, 14.780000
12.000000	, 14.740000
13.000000	, 14.680000
16.000000	, 14.700000
19.000000	, 14.690000
16.000000	, 14.760000
14.000000	, 14.730000
5.000000	, 14.620000
14.000000	, 14.590000
16.000000	, 14.520000
12.000000	, 14.450000
11.000000	, 14.440000
12.000000	, 14.400000
12.000000	, 14.380000
19.000000	, 14.340000
13.000000	, 14.330000
4.000000	, 14.210000
20.000000	, 14.270000
14.000000	, 14.220000
11.000000	, 14.170000
13.000000	, 14.120000
16.000000	, 14.100000
13.000000	, 13.990000
10.000000	, 14.010000
13.000000	, 14.030000
20.000000	, 14.160000
17.000000	, 14.200000
19.000000	, 14.180000
9.000000	, 14.190000
16.000000	, 14.170000
22.000000	, 14.360000
17.000000	, 14.330000
7.000000	, 14.260000
18.000000	, 14.350000
15.000000	, 14.350000
15.000000	, 14.320000
17.000000	, 14.340000
21.000000	, 14.490000
16.000000	, 14.600000
17.000000	, 14.630000
19.000000	, 14.740000
13.000000	, 14.740000
17.000000	, 14.740000
17.000000	, 14.790000
11.000000	, 14.770000
20.000000	, 14.840000
7.000000	, 14.720000
15.000000	, 14.730000
17.000000	, 14.740000
12.000000	, 14.740000
15.000000	, 14.750000
17.000000	, 14.720000
16.000000	, 14.730000
20.000000	, 14.810000
18.000000	, 14.880000
7.000000	, 14.760000
18.000000	, 14.760000
20.000000	, 14.800000
8.000000	, 14.770000
15.000000	, 14.810000
10.000000	, 14.810000
22.000000	, 14.810000
16.000000	, 14.830000
14.000000	, 14.890000
18.000000	, 14.910000
14.000000	, 14.980000
20.000000	, 15.080000
14.000000	, 15.080000
15.000000	, 15.150000
19.000000	, 15.220000
22.000000	, 15.310000
14.000000	, 15.240000
16.000000	, 15.230000
16.000000	, 15.200000
9.000000	, 15.100000
15.000000	, 15.070000
17.000000	, 15.080000
14.000000	, 15.030000
12.000000	, 15.010000
16.000000	, 14.980000
19.000000	, 15.000000
17.000000	, 15.120000
14.000000	, 15.120000
13.000000	, 15.070000
23.000000	, 15.110000
17.000000	, 15.120000
19.000000	, 15.180000
15.000000	, 15.140000
15.000000	, 15.160000
8.000000	, 15.070000
16.000000	, 15.050000
14.000000	, 15.000000
6.000000	, 14.890000
21.000000	, 14.970000
15.000000	, 15.040000
16.000000	, 15.030000
12.000000	, 14.960000
18.000000	, 14.940000
14.000000	, 14.920000
13.000000	, 14.950000
16.000000	, 15.000000
19.000000	, 15.070000
14.000000	, 15.080000
15.000000	, 15.070000
15.000000	, 15.030000
17.000000	, 15.040000
14.000000	, 15.040000
20.000000	, 15.190000
14.000000	, 15.190000
11.000000	, 15.140000
10.000000	, 15.120000
17.000000	, 15.180000
18.000000	, 15.240000
14.000000	, 15.260000
15.000000	, 15.220000
15.000000	, 15.240000
11.000000	, 15.310000
6.000000	, 15.170000
23.000000	, 15.260000
22.000000	, 15.370000
17.000000	, 15.410000
21.000000	, 15.460000
14.000000	, 15.470000
21.000000	, 15.580000
14.000000	, 15.590000
17.000000	, 15.560000
17.000000	, 15.560000
17.000000	, 15.540000
19.000000	, 15.640000
17.000000	, 15.650000
11.000000	, 15.540000
18.000000	, 15.550000
17.000000	, 15.650000
15.000000	, 15.620000
16.000000	, 15.630000
17.000000	, 15.650000
5.000000	, 15.530000
17.000000	, 15.490000
16.000000	, 15.490000
13.000000	, 15.450000
12.000000	, 15.380000
12.000000	, 15.370000
10.000000	, 15.300000
17.000000	, 15.300000
15.000000	, 15.340000
12.000000	, 15.260000
16.000000	, 15.350000
9.000000	, 15.290000
19.000000	, 15.310000
19.000000	, 15.380000
21.000000	, 15.440000
13.000000	, 15.400000
11.000000	, 15.350000
15.000000	, 15.300000
16.000000	, 15.280000
13.000000	, 15.340000
14.000000	, 15.300000
16.000000	, 15.260000
18.000000	, 15.360000
17.000000	, 15.380000
12.000000	, 15.400000
14.000000	, 15.320000
16.000000	, 15.320000
12.000000	, 15.300000
20.000000	, 15.320000
20.000000	, 15.380000
17.000000	, 15.350000
18.000000	, 15.390000
17.000000	, 15.410000
16.000000	, 15.380000
8.000000	, 15.240000
10.000000	, 15.200000
17.000000	, 15.210000
13.000000	, 15.180000
8.000000	, 15.170000
21.000000	, 15.230000
11.000000	, 15.170000
14.000000	, 15.170000
17.000000	, 15.220000
21.000000	, 15.270000
8.000000	, 15.160000
14.000000	, 15.130000
19.000000	, 15.180000
15.000000	, 15.200000
10.000000	, 15.070000
16.000000	, 15.060000
9.000000	, 14.960000
14.000000	, 14.950000
11.000000	, 14.910000
19.000000	, 15.020000
18.000000	, 15.040000
14.000000	, 15.040000
17.000000	, 15.150000
15.000000	, 15.090000
13.000000	, 15.070000
17.000000	, 15.080000
18.000000	, 15.140000
10.000000	, 15.060000
19.000000	, 15.110000
14.000000	, 15.120000
20.000000	, 15.160000
20.000000	, 15.170000
14.000000	, 15.170000
10.000000	, 15.120000
16.000000	, 15.130000
15.000000	, 15.110000
15.000000	, 15.120000
14.000000	, 15.060000
10.000000	, 15.020000
11.000000	, 15.020000
20.000000	, 15.120000
13.000000	, 15.080000
10.000000	, 15.000000
3.000000	, 14.890000
11.000000	, 14.850000
14.000000	, 14.840000
15.000000	, 14.880000
17.000000	, 14.990000
15.000000	, 14.910000
23.000000	, 14.920000
17.000000	, 14.920000
19.000000	, 14.900000
12.000000	, 14.880000
21.000000	, 14.880000
17.000000	, 14.910000
16.000000	, 14.900000
17.000000	, 14.900000
19.000000	, 14.920000
16.000000	, 14.890000
18.000000	, 14.900000
13.000000	, 14.920000
14.000000	, 14.880000
19.000000	, 14.900000
16.000000	, 14.910000
22.000000	, 14.970000
10.000000	, 14.900000
14.000000	, 14.990000
13.000000	, 14.950000
11.000000	, 14.900000
20.000000	, 14.970000
22.000000	, 15.070000
22.000000	, 15.170000
14.000000	, 15.210000
16.000000	, 15.200000
16.000000	, 15.210000
19.000000	, 15.280000
18.000000	, 15.300000
15.000000	, 15.360000
14.000000	, 15.310000
18.000000	, 15.300000
22.000000	, 15.310000
18.000000	, 15.360000
20.000000	, 15.450000
21.000000	, 15.510000
21.000000	, 15.560000
18.000000	, 15.610000
21.000000	, 15.680000
10.000000	, 15.620000
13.000000	, 15.570000
19.000000	, 15.590000
15.000000	, 15.620000
19.000000	, 15.670000
14.000000	, 15.650000
11.000000	, 15.640000
8.000000	, 15.520000
11.000000	, 15.430000
19.000000	, 15.450000
19.000000	, 15.460000
22.000000	, 15.510000
19.000000	, 15.540000
21.000000	, 15.670000
19.000000	, 15.760000
14.000000	, 15.730000
18.000000	, 15.780000
19.000000	, 15.890000
13.000000	, 15.810000
16.000000	, 15.860000
16.000000	, 15.880000
24.000000	, 15.950000
16.000000	, 15.900000
20.000000	, 16.020000
9.000000	, 15.970000
16.000000	, 15.940000
16.000000	, 15.950000
14.000000	, 15.990000
20.000000	, 16.030000
13.000000	, 16.070000
15.000000	, 16.080000
17.000000	, 16.140000
12.000000	, 16.070000
13.000000	, 16.020000
16.000000	, 16.040000
18.000000	, 16.050000
15.000000	, 16.050000
15.000000	, 16.070000
15.000000	, 16.050000
7.000000	, 15.940000
24.000000	, 16.080000
23.000000	, 16.120000
19.000000	, 16.170000
14.000000	, 16.110000
13.000000	, 16.040000
20.000000	, 16.100000
19.000000	, 16.190000
17.000000	, 16.200000
15.000000	, 16.200000
12.000000	, 16.170000
17.000000	, 16.200000
15.000000	, 16.250000
15.000000	, 16.290000
14.000000	, 16.230000
17.000000	, 16.270000
14.000000	, 16.310000
14.000000	, 16.420000
14.000000	, 16.450000
16.000000	, 16.470000
18.000000	, 16.500000
19.000000	, 16.520000
12.000000	, 16.490000
11.000000	, 16.370000
17.000000	, 16.370000
20.000000	, 16.380000
17.000000	, 16.430000
12.000000	, 16.340000
20.000000	, 16.370000
19.000000	, 16.400000
13.000000	, 16.360000
19.000000	, 16.360000
10.000000	, 16.300000
15.000000	, 16.270000
17.000000	, 16.310000
17.000000	, 16.340000
15.000000	, 16.300000
18.000000	, 16.320000
16.000000	, 16.260000
18.000000	, 16.340000
6.000000	, 16.260000
19.000000	, 16.320000
15.000000	, 16.360000
16.000000	, 16.320000
15.000000	, 16.250000
12.000000	, 16.150000
6.000000	, 16.070000
8.000000	, 15.990000
18.000000	, 16.010000
21.000000	, 16.030000
19.000000	, 16.040000
11.000000	, 16.000000
13.000000	, 15.990000
11.000000	, 15.920000
17.000000	, 15.870000
15.000000	, 15.840000
12.000000	, 15.760000
13.000000	, 15.680000
19.000000	, 15.660000
19.000000	, 15.670000
18.000000	, 15.640000
13.000000	, 15.670000
14.000000	, 15.680000
15.000000	, 15.640000
18.000000	, 15.670000
12.000000	, 15.600000
11.000000	, 15.570000
17.000000	, 15.630000
19.000000	, 15.740000
11.000000	, 15.740000
12.000000	, 15.670000
15.000000	, 15.630000
20.000000	, 15.610000
12.000000	, 15.540000
15.000000	, 15.480000
22.000000	, 15.510000
10.000000	, 15.470000
10.000000	, 15.390000
11.000000	, 15.310000
16.000000	, 15.340000
13.000000	, 15.310000
12.000000	, 15.270000
15.000000	, 15.180000
15.000000	, 15.170000
17.000000	, 15.140000
12.000000	, 15.170000
13.000000	, 15.140000
16.000000	, 15.140000
16.000000	, 15.160000
16.000000	, 15.120000
19.000000	, 15.180000
14.000000	, 15.170000
23.000000	, 15.230000
17.000000	, 15.280000
16.000000	, 15.310000
17.000000	, 15.320000
17.000000	, 15.310000
18.000000	, 15.340000
15.000000	, 15.340000
15.000000	, 15.340000
13.000000	, 15.400000
17.000000	, 15.330000
21.000000	, 15.310000
20.000000	, 15.320000
15.000000	, 15.330000
18.000000	, 15.380000
14.000000	, 15.320000
20.000000	, 15.330000
17.000000	, 15.330000
14.000000	, 15.320000
19.000000	, 15.390000
14.000000	, 15.360000
13.000000	, 15.340000
16.000000	, 15.350000
15.000000	, 15.360000
20.000000	, 15.390000
21.000000	, 15.460000
5.000000	, 15.370000
14.000000	, 15.370000
16.000000	, 15.370000
12.000000	, 15.310000
16.000000	, 15.280000
18.000000	, 15.340000
15.000000	, 15.380000
9.000000	, 15.300000
19.000000	, 15.290000
13.000000	, 15.250000
16.000000	, 15.290000
20.000000	, 15.290000
13.000000	, 15.230000
12.000000	, 15.220000
7.000000	, 15.100000
12.000000	, 15.120000
18.000000	, 15.150000
18.000000	, 15.160000
11.000000	, 15.100000
12.000000	, 15.070000
18.000000	, 15.070000
13.000000	, 15.040000
13.000000	, 14.990000
16.000000	, 15.090000
15.000000	, 15.050000
12.000000	, 15.020000
6.000000	, 14.920000
12.000000	, 14.890000
17.000000	, 14.940000
15.000000	, 15.030000
12.000000	, 15.070000
19.000000	, 15.080000
15.000000	, 15.020000
14.000000	, 14.970000
17.000000	, 15.030000
13.000000	, 15.030000
10.000000	, 15.020000
17.000000	, 15.020000
13.000000	, 15.000000
11.000000	, 14.990000
12.000000	, 14.980000
8.000000	, 14.870000
9.000000	, 14.770000
18.000000	, 14.770000
20.000000	, 14.840000
18.000000	, 14.880000
22.000000	, 14.950000
13.000000	, 14.900000
16.000000	, 14.940000
19.000000	, 15.020000
9.000000	, 14.940000
15.000000	, 14.900000
13.000000	, 14.920000
18.000000	, 14.980000
12.000000	, 14.950000
22.000000	, 14.970000
9.000000	, 14.940000
11.000000	, 14.900000
18.000000	, 14.860000
15.000000	, 14.910000
8.000000	, 14.890000
13.000000	, 14.910000
15.000000	, 14.900000
19.000000	, 14.960000
4.000000	, 14.880000
14.000000	, 14.870000
18.000000	, 14.900000
16.000000	, 14.890000
17.000000	, 14.940000
20.000000	, 15.010000
15.000000	, 15.000000
22.000000	, 15.060000
16.000000	, 15.060000
12.000000	, 14.990000
14.000000	, 14.990000
21.000000	, 14.970000
14.000000	, 14.940000
17.000000	, 14.950000
18.000000	, 14.960000
14.000000	, 14.930000
22.000000	, 14.970000
17.000000	, 14.990000
8.000000	, 14.920000
22.000000	, 15.010000
16.000000	, 15.000000
20.000000	, 14.990000
19.000000	, 14.980000
20.000000	, 15.030000
12.000000	, 14.970000
17.000000	, 15.000000
17.000000	, 14.970000
12.000000	, 14.920000
13.000000	, 14.910000
14.000000	, 14.860000
13.000000	, 14.850000
19.000000	, 14.910000
15.000000	, 14.900000
3.000000	, 14.780000
10.000000	, 14.680000
16.000000	, 14.630000
17.000000	, 14.750000
20.000000	, 14.810000
9.000000	, 14.740000
12.000000	, 14.740000
19.000000	, 14.770000
17.000000	, 14.760000
19.000000	, 14.800000
18.000000	, 14.890000
12.000000	, 14.820000
20.000000	, 14.890000
18.000000	, 14.910000
13.000000	, 14.840000
9.000000	, 14.800000
15.000000	, 14.830000
18.000000	, 14.940000
14.000000	, 14.960000
15.000000	, 14.930000
19.000000	, 14.940000
14.000000	, 14.970000
16.000000	, 15.010000
14.000000	, 14.970000
22.000000	, 15.060000
19.000000	, 15.120000
16.000000	, 15.120000
16.000000	, 15.130000
18.000000	, 15.190000
14.000000	, 15.270000
16.000000	, 15.310000
18.000000	, 15.320000
20.000000	, 15.370000
14.000000	, 15.390000
14.000000	, 15.340000
7.000000	, 15.260000
17.000000	, 15.290000
4.000000	, 15.160000
8.000000	, 15.110000
8.000000	, 15.090000
23.000000	, 15.150000
22.000000	, 15.240000
21.000000	, 15.340000
18.000000	, 15.400000
16.000000	, 15.480000
17.000000	, 15.560000
18.000000	, 15.560000
14.000000	, 15.500000
8.000000	, 15.400000
9.000000	, 15.270000
18.000000	, 15.320000
11.000000	, 15.270000
14.000000	, 15.220000
15.000000	, 15.280000
0.000000	, 15.130000
16.000000	, 15.160000
19.000000	, 15.170000
20.000000	, 15.250000
21.000000	, 15.240000
16.000000	, 15.310000
23.000000	, 15.430000
16.000000	, 15.410000
14.000000	, 15.400000
9.000000	, 15.410000
17.000000	, 15.450000
7.000000	, 15.370000
21.000000	, 15.390000
22.000000	, 15.570000
19.000000	, 15.620000
16.000000	, 15.600000
17.000000	, 15.610000
13.000000	, 15.570000
13.000000	, 15.500000
13.000000	, 15.480000
18.000000	, 15.440000
15.000000	, 15.430000
21.000000	, 15.520000
17.000000	, 15.550000
13.000000	, 15.470000
15.000000	, 15.480000
22.000000	, 15.530000
16.000000	, 15.510000
18.000000	, 15.550000
15.000000	, 15.480000
10.000000	, 15.410000
21.000000	, 15.540000
11.000000	, 15.430000
18.000000	, 15.450000
9.000000	, 15.340000
17.000000	, 15.320000
8.000000	, 15.200000
19.000000	, 15.270000
16.000000	, 15.260000
15.000000	, 15.240000
19.000000	, 15.310000
10.000000	, 15.280000
14.000000	, 15.280000
13.000000	, 15.280000
8.000000	, 15.170000
19.000000	, 15.210000
18.000000	, 15.360000
14.000000	, 15.400000
12.000000	, 15.360000
19.000000	, 15.380000
10.000000	, 15.280000
10.000000	, 15.290000
17.000000	, 15.340000
18.000000	, 15.330000
11.000000	, 15.270000
6.000000	, 15.140000
16.000000	, 15.120000
15.000000	, 15.150000
20.000000	, 15.150000
15.000000	, 15.120000
21.000000	, 15.200000
22.000000	, 15.330000
17.000000	, 15.350000
12.000000	, 15.290000
22.000000	, 15.370000
15.000000	, 15.370000
16.000000	, 15.340000
17.000000	, 15.370000
20.000000	, 15.410000
11.000000	, 15.380000
17.000000	, 15.330000
17.000000	, 15.310000
13.000000	, 15.280000
20.000000	, 15.320000
21.000000	, 15.350000
17.000000	, 15.380000
10.000000	, 15.320000
14.000000	, 15.280000
10.000000	, 15.180000
19.000000	, 15.230000
16.000000	, 15.250000
14.000000	, 15.320000
15.000000	, 15.300000
13.000000	, 15.390000
12.000000	, 15.430000
12.000000	, 15.470000
15.000000	, 15.390000
22.000000	, 15.390000
12.000000	, 15.300000
19.000000	, 15.310000
11.000000	, 15.260000
14.000000	, 15.230000
13.000000	, 15.180000
14.000000	, 15.180000
14.000000	, 15.240000
13.000000	, 15.280000
16.000000	, 15.260000
16.000000	, 15.310000
15.000000	, 15.320000
15.000000	, 15.320000
22.000000	, 15.540000
14.000000	, 15.520000
16.000000	, 15.490000
18.000000	, 15.470000
18.000000	, 15.440000
16.000000	, 15.440000
12.000000	, 15.330000
18.000000	, 15.350000
11.000000	, 15.320000
12.000000	, 15.350000
14.000000	, 15.320000
16.000000	, 15.410000
27.000000	, 15.470000
15.000000	, 15.400000
12.000000	, 15.330000
17.000000	, 15.340000
12.000000	, 15.290000
10.000000	, 15.260000
16.000000	, 15.290000
18.000000	, 15.340000
18.000000	, 15.340000
19.000000	, 15.380000
11.000000	, 15.280000
15.000000	, 15.260000
19.000000	, 15.320000
12.000000	, 15.290000
14.000000	, 15.210000
22.000000	, 15.270000
8.000000	, 15.170000
17.000000	, 15.190000
20.000000	, 15.290000
16.000000	, 15.240000
7.000000	, 15.200000
19.000000	, 15.210000
15.000000	, 15.270000
14.000000	, 15.240000
11.000000	, 15.270000
17.000000	, 15.250000
17.000000	, 15.260000
17.000000	, 15.280000
5.000000	, 15.140000
19.000000	, 15.230000
5.000000	, 15.140000
12.000000	, 15.130000
21.000000	, 15.260000
15.000000	, 15.220000
20.000000	, 15.240000
13.000000	, 15.230000
24.000000	, 15.350000
16.000000	, 15.320000
14.000000	, 15.360000
10.000000	, 15.360000
20.000000	, 15.390000
16.000000	, 15.370000
14.000000	, 15.400000
17.000000	, 15.510000
14.000000	, 15.490000
16.000000	, 15.500000
16.000000	, 15.460000
13.000000	, 15.440000
14.000000	, 15.370000
11.000000	, 15.260000
12.000000	, 15.210000
13.000000	, 15.220000
12.000000	, 15.120000
18.000000	, 15.150000
7.000000	, 15.060000
13.000000	, 15.020000
17.000000	, 14.990000
15.000000	, 15.030000
19.000000	, 15.050000
21.000000	, 15.090000
13.000000	, 15.090000
16.000000	, 15.050000
17.000000	, 15.010000
19.000000	, 15.030000
19.000000	, 15.120000
9.000000	, 15.070000
10.000000	, 15.070000
