0.000000	, 0.000000
1.000000	, 0.500000
0.000000	, 0.333333
1.000000	, 0.500000
1.000000	, 0.600000
0.000000	, 0.500000
0.000000	, 0.428571
0.000000	, 0.375000
2.000000	, 0.555556
1.000000	, 0.600000
1.000000	, 0.636364
1.000000	, 0.666667
0.000000	, 0.615385
-1.000000	, 0.500000
4.000000	, 0.733333
-1.000000	, 0.625000
1.000000	, 0.647059
4.000000	, 0.833333
0.000000	, 0.789474
0.000000	, 0.750000
2.000000	, 0.809524
2.000000	, 0.863636
-1.000000	, 0.782609
3.000000	, 0.875000
1.000000	, 0.880000
2.000000	, 0.923077
4.000000	, 1.037037
1.000000	, 1.035714
2.000000	, 1.068966
2.000000	, 1.100000
3.000000	, 1.161290
5.000000	, 1.281250
2.000000	, 1.303030
1.000000	, 1.294118
3.000000	, 1.342857
0.000000	, 1.305556
3.000000	, 1.351351
3.000000	, 1.394737
5.000000	, 1.487179
5.000000	, 1.575000
3.000000	, 1.609756
4.000000	, 1.666667
3.000000	, 1.697674
2.000000	, 1.704545
4.000000	, 1.755556
1.000000	, 1.739130
5.000000	, 1.808511
6.000000	, 1.895833
4.000000	, 1.938776
3.000000	, 1.960000
3.000000	, 1.980392
5.000000	, 2.038462
5.000000	, 2.094340
10.000000	, 2.240741
3.000000	, 2.254545
6.000000	, 2.321429
5.000000	, 2.368421
4.000000	, 2.396552
5.000000	, 2.440678
6.000000	, 2.500000
3.000000	, 2.508197
1.000000	, 2.483871
2.000000	, 2.476190
7.000000	, 2.546875
5.000000	, 2.584615
3.000000	, 2.590909
9.000000	, 2.686567
3.000000	, 2.691176
6.000000	, 2.739130
3.000000	, 2.742857
9.000000	, 2.830986
8.000000	, 2.902778
4.000000	, 2.917808
10.000000	, 3.013514
7.000000	, 3.066667
10.000000	, 3.157895
8.000000	, 3.220779
5.000000	, 3.243590
3.000000	, 3.240506
10.000000	, 3.325000
7.000000	, 3.370370
6.000000	, 3.402439
6.000000	, 3.433735
8.000000	, 3.488095
6.000000	, 3.517647
4.000000	, 3.523256
8.000000	, 3.574713
3.000000	, 3.568182
12.000000	, 3.662921
6.000000	, 3.688889
3.000000	, 3.681319
8.000000	, 3.728261
7.000000	, 3.763441
9.000000	, 3.819149
2.000000	, 3.800000
11.000000	, 3.875000
3.000000	, 3.865979
8.000000	, 3.908163
8.000000	, 3.949495
9.000000	, 4.000000
5.000000	, 4.050000
11.000000	, 4.150000
8.000000	, 4.230000
5.000000	, 4.270000
4.000000	, 4.300000
12.000000	, 4.420000
8.000000	, 4.500000
9.000000	, 4.590000
3.000000	, 4.600000
6.000000	, 4.650000
12.000000	, 4.760000
11.000000	, 4.860000
13.000000	, 4.990000
2.000000	, 5.020000
5.000000	, 5.030000
8.000000	, 5.120000
12.000000	, 5.230000
12.000000	, 5.310000
7.000000	, 5.380000
6.000000	, 5.440000
4.000000	, 5.460000
7.000000	, 5.510000
9.000000	, 5.610000
12.000000	, 5.700000
8.000000	, 5.770000
13.000000	, 5.880000
8.000000	, 5.920000
8.000000	, 5.990000
12.000000	, 6.090000
12.000000	, 6.190000
15.000000	, 6.310000
15.000000	, 6.410000
13.000000	, 6.520000
9.000000	, 6.600000
17.000000	, 6.740000
13.000000	, 6.870000
11.000000	, 6.950000
7.000000	, 6.990000
15.000000	, 7.090000
9.000000	, 7.130000
14.000000	, 7.240000
14.000000	, 7.340000
6.000000	, 7.370000
6.000000	, 7.410000
8.000000	, 7.450000
14.000000	, 7.580000
7.000000	, 7.600000
4.000000	, 7.580000
4.000000	, 7.580000
5.000000	, 7.600000
14.000000	, 7.710000
10.000000	, 7.760000
15.000000	, 7.860000
10.000000	, 7.860000
9.000000	, 7.920000
13.000000	, 7.990000
10.000000	, 8.040000
7.000000	, 8.070000
13.000000	, 8.150000
14.000000	, 8.230000
5.000000	, 8.250000
10.000000	, 8.340000
3.000000	, 8.350000
3.000000	, 8.310000
7.000000	, 8.330000
13.000000	, 8.430000
11.000000	, 8.450000
12.000000	, 8.540000
7.000000	, 8.550000
4.000000	, 8.560000
7.000000	, 8.540000
8.000000	, 8.540000
13.000000	, 8.630000
11.000000	, 8.640000
2.000000	, 8.590000
3.000000	, 8.520000
15.000000	, 8.590000
16.000000	, 8.700000
15.000000	, 8.820000
13.000000	, 8.850000
15.000000	, 8.930000
8.000000	, 8.950000
8.000000	, 8.970000
9.000000	, 8.980000
1.000000	, 8.930000
11.000000	, 9.000000
13.000000	, 9.050000
12.000000	, 9.140000
6.000000	, 9.080000
8.000000	, 9.100000
20.000000	, 9.270000
4.000000	, 9.230000
5.000000	, 9.210000
13.000000	, 9.250000
8.000000	, 9.310000
8.000000	, 9.280000
7.000000	, 9.320000
14.000000	, 9.380000
16.000000	, 9.460000
15.000000	, 9.520000
8.000000	, 9.550000
7.000000	, 9.510000
10.000000	, 9.530000
16.000000	, 9.640000
16.000000	, 9.760000
11.000000	, 9.750000
10.000000	, 9.770000
10.000000	, 9.780000
16.000000	, 9.910000
12.000000	, 9.970000
17.000000	, 10.020000
16.000000	, 10.070000
13.000000	, 10.070000
15.000000	, 10.200000
10.000000	, 10.250000
6.000000	, 10.230000
7.000000	, 10.180000
13.000000	, 10.190000
21.000000	, 10.330000
12.000000	, 10.390000
12.000000	, 10.470000
10.000000	, 10.500000
12.000000	, 10.530000
14.000000	, 10.550000
8.000000	, 10.550000
13.000000	, 10.550000
13.000000	, 10.600000
17.000000	, 10.690000
13.000000	, 10.700000
3.000000	, 10.610000
13.000000	, 10.590000
12.000000	, 10.560000
8.000000	, 10.510000
17.000000	, 10.590000
15.000000	, 10.570000
12.000000	, 10.560000
14.000000	, 10.590000
13.000000	, 10.650000
15.000000	, 10.650000
15.000000	, 10.710000
17.000000	, 10.740000
16.000000	, 10.760000
7.000000	, 10.770000
11.000000	, 10.820000
14.000000	, 10.880000
12.000000	, 10.860000
11.000000	, 10.900000
11.000000	, 10.970000
13.000000	, 11.060000
16.000000	, 11.170000
7.000000	, 11.100000
9.000000	, 11.090000
6.000000	, 11.000000
12.000000	, 11.020000
14.000000	, 11.070000
14.000000	, 11.080000
15.000000	, 11.130000
8.000000	, 11.140000
15.000000	, 11.160000
6.000000	, 11.080000
11.000000	, 11.140000
15.000000	, 11.190000
9.000000	, 11.250000
16.000000	, 11.380000
7.000000	, 11.380000
12.000000	, 11.370000
9.000000	, 11.350000
11.000000	, 11.340000
15.000000	, 11.420000
9.000000	, 11.470000
17.000000	, 11.570000
18.000000	, 11.670000
22.000000	, 11.760000
13.000000	, 11.780000
15.000000	, 11.910000
16.000000	, 12.040000
10.000000	, 11.990000
13.000000	, 11.960000
6.000000	, 11.870000
15.000000	, 11.890000
19.000000	, 11.930000
18.000000	, 12.030000
12.000000	, 12.070000
12.000000	, 12.100000
8.000000	, 12.170000
15.000000	, 12.210000
19.000000	, 12.270000
9.000000	, 12.240000
10.000000	, 12.280000
18.000000	, 12.380000
5.000000	, 12.230000
12.000000	, 12.310000
15.000000	, 12.410000
9.000000	, 12.370000
16.000000	, 12.450000
21.000000	, 12.580000
18.000000	, 12.690000
19.000000	, 12.740000
18.000000	, 12.760000
8.000000	, 12.690000
17.000000	, 12.780000
19.000000	, 12.900000
19.000000	, 12.990000
13.000000	, 12.960000
19.000000	, 12.990000
17.000000	, 13.050000
15.000000	, 13.100000
13.000000	, 13.130000
13.000000	, 13.100000
16.000000	, 13.140000
15.000000	, 13.120000
9.000000	, 13.050000
18.000000	, 13.100000
13.000000	, 13.080000
21.000000	, 13.190000
12.000000	, 13.250000
19.000000	, 13.370000
17.000000	, 13.410000
13.000000	, 13.330000
19.000000	, 13.400000
14.000000	, 13.420000
18.000000	, 13.500000
8.000000	, 13.460000
16.000000	, 13.480000
12.000000	, 13.520000
17.000000	, 13.560000
14.000000	, 13.570000
15.000000	, 13.550000
15.000000	, 13.570000
20.000000	, 13.740000
21.000000	, 13.820000
22.000000	, 13.920000
15.000000	, 13.990000
16.000000	, 13.980000
17.000000	, 14.000000
20.000000	, 14.080000
16.000000	, 14.100000
21.000000	, 14.180000
17.000000	, 14.200000
17.000000	, 14.220000
8.000000	, 14.130000
20.000000	, 14.170000
13.000000	, 14.230000
17.000000	, 14.290000
12.000000	, 14.270000
16.000000	, 14.310000
14.000000	, 14.340000
11.000000	, 14.340000
16.000000	, 14.370000
16.000000	, 14.370000
14.000000	, 14.440000
16.000000	, 14.510000
12.000000	, 14.570000
12.000000	, 14.570000
18.000000	, 14.610000
15.000000	, 14.620000
13.000000	, 14.600000
15.000000	, 14.670000
5.000000	, 14.570000
13.000000	, 14.640000
11.000000	, 14.640000
2.000000	, 14.510000
9.000000	, 14.510000
18.000000	, 14.530000
16.000000	, 14.620000
14.000000	, 14.640000
8.000000	, 14.630000
10.000000	, 14.620000
15.000000	, 14.620000
20.000000	, 14.730000
23.000000	, 14.790000
9.000000	, 14.700000
19.000000	, 14.670000
20.000000	, 14.740000
12.000000	, 14.710000
15.000000	, 14.700000
17.000000	, 14.770000
10.000000	, 14.740000
12.000000	, 14.800000
18.000000	, 14.830000
15.000000	, 14.790000
16.000000	, 14.770000
16.000000	, 14.810000
11.000000	, 14.800000
14.000000	, 14.860000
21.000000	, 14.920000
13.000000	, 14.860000
18.000000	, 14.950000
21.000000	, 15.060000
19.000000	, 15.070000
14.000000	, 15.160000
15.000000	, 15.190000
14.000000	, 15.180000
16.000000	, 15.250000
11.000000	, 15.200000
15.000000	, 15.140000
10.000000	, 15.060000
12.000000	, 14.990000
18.000000	, 14.990000
16.000000	, 15.070000
13.000000	, 15.030000
16.000000	, 15.000000
19.000000	, 15.000000
19.000000	, 15.060000
20.000000	, 15.070000
10.000000	, 15.000000
12.000000	, 14.970000
15.000000	, 14.990000
17.000000	, 15.030000
21.000000	, 15.080000
15.000000	, 15.080000
18.000000	, 15.170000
16.000000	, 15.150000
18.000000	, 15.200000
15.000000	, 15.140000
22.000000	, 15.240000
19.000000	, 15.240000
17.000000	, 15.240000
13.000000	, 15.240000
18.000000	, 15.230000
12.000000	, 15.210000
14.000000	, 15.170000
17.000000	, 15.260000
19.000000	, 15.290000
16.000000	, 15.330000
16.000000	, 15.320000
18.000000	, 15.360000
16.000000	, 15.370000
23.000000	, 15.450000
15.000000	, 15.400000
11.000000	, 15.300000
19.000000	, 15.270000
14.000000	, 15.260000
14.000000	, 15.240000
19.000000	, 15.260000
11.000000	, 15.170000
12.000000	, 15.130000
13.000000	, 15.050000
13.000000	, 15.010000
18.000000	, 15.020000
18.000000	, 15.120000
16.000000	, 15.080000
15.000000	, 15.100000
15.000000	, 15.080000
3.000000	, 14.990000
10.000000	, 14.930000
17.000000	, 14.960000
17.000000	, 15.020000
17.000000	, 15.030000
11.000000	, 14.980000
18.000000	, 15.020000
24.000000	, 15.100000
22.000000	, 15.200000
17.000000	, 15.250000
21.000000	, 15.280000
17.000000	, 15.300000
16.000000	, 15.330000
16.000000	, 15.340000
16.000000	, 15.450000
15.000000	, 15.470000
12.000000	, 15.480000
16.000000	, 15.620000
18.000000	, 15.710000
9.000000	, 15.620000
20.000000	, 15.660000
21.000000	, 15.730000
19.000000	, 15.840000
15.000000	, 15.890000
12.000000	, 15.860000
21.000000	, 15.870000
14.000000	, 15.780000
18.000000	, 15.870000
8.000000	, 15.760000
12.000000	, 15.680000
23.000000	, 15.790000
12.000000	, 15.760000
21.000000	, 15.800000
16.000000	, 15.860000
22.000000	, 15.960000
20.000000	, 15.980000
18.000000	, 16.010000
13.000000	, 15.980000
24.000000	, 16.060000
17.000000	, 16.120000
15.000000	, 16.130000
17.000000	, 16.090000
13.000000	, 16.090000
20.000000	, 16.110000
22.000000	, 16.120000
13.000000	, 16.060000
10.000000	, 16.020000
22.000000	, 16.090000
16.000000	, 16.110000
18.000000	, 16.130000
11.000000	, 16.130000
14.000000	, 16.120000
18.000000	, 16.200000
10.000000	, 16.180000
16.000000	, 16.160000
16.000000	, 16.160000
17.000000	, 16.200000
17.000000	, 16.210000
20.000000	, 16.220000
16.000000	, 16.190000
20.000000	, 16.190000
18.000000	, 16.270000
20.000000	, 16.350000
20.000000	, 16.400000
19.000000	, 16.420000
17.000000	, 16.380000
18.000000	, 16.410000
10.000000	, 16.330000
15.000000	, 16.320000
12.000000	, 16.260000
15.000000	, 16.260000
20.000000	, 16.240000
21.000000	, 16.260000
16.000000	, 16.250000
18.000000	, 16.300000
14.000000	, 16.260000
20.000000	, 16.340000
14.000000	, 16.340000
19.000000	, 16.360000
23.000000	, 16.400000
17.000000	, 16.410000
16.000000	, 16.410000
15.000000	, 16.380000
14.000000	, 16.360000
13.000000	, 16.260000
12.000000	, 16.230000
21.000000	, 16.330000
15.000000	, 16.290000
19.000000	, 16.340000
20.000000	, 16.400000
16.000000	, 16.370000
19.000000	, 16.450000
17.000000	, 16.500000
8.000000	, 16.450000
15.000000	, 16.470000
16.000000	, 16.450000
10.000000	, 16.370000
18.000000	, 16.390000
26.000000	, 16.500000
9.000000	, 16.440000
13.000000	, 16.540000
10.000000	, 16.540000
10.000000	, 16.470000
19.000000	, 16.490000
13.000000	, 16.450000
18.000000	, 16.520000
12.000000	, 16.460000
16.000000	, 16.380000
16.000000	, 16.320000
16.000000	, 16.310000
23.000000	, 16.330000
17.000000	, 16.330000
11.000000	, 16.280000
15.000000	, 16.270000
20.000000	, 16.310000
20.000000	, 16.360000
17.000000	, 16.410000
20.000000	, 16.450000
19.000000	, 16.460000
16.000000	, 16.530000
13.000000	, 16.460000
16.000000	, 16.410000
10.000000	, 16.320000
16.000000	, 16.330000
14.000000	, 16.350000
17.000000	, 16.310000
12.000000	, 16.290000
13.000000	, 16.240000
9.000000	, 16.250000
8.000000	, 16.210000
19.000000	, 16.170000
23.000000	, 16.280000
19.000000	, 16.260000
18.000000	, 16.280000
25.000000	, 16.310000
13.000000	, 16.240000
17.000000	, 16.230000
6.000000	, 16.160000
21.000000	, 16.130000
14.000000	, 16.100000
12.000000	, 16.070000
13.000000	, 16.030000
16.000000	, 16.060000
13.000000	, 15.990000
13.000000	, 15.900000
16.000000	, 15.930000
18.000000	, 16.010000
11.000000	, 15.900000
8.000000	, 15.820000
12.000000	, 15.760000
21.000000	, 15.860000
19.000000	, 15.910000
17.000000	, 15.900000
15.000000	, 15.950000
16.000000	, 15.950000
13.000000	, 15.920000
21.000000	, 15.960000
25.000000	, 16.040000
19.000000	, 16.030000
14.000000	, 16.010000
10.000000	, 15.910000
17.000000	, 15.900000
18.000000	, 15.880000
24.000000	, 15.920000
17.000000	, 15.900000
16.000000	, 15.890000
17.000000	, 15.880000
19.000000	, 15.970000
11.000000	, 15.930000
16.000000	, 15.970000
17.000000	, 15.990000
13.000000	, 15.920000
14.000000	, 15.850000
16.000000	, 15.850000
13.000000	, 15.800000
18.000000	, 15.840000
8.000000	, 15.720000
14.000000	, 15.720000
17.000000	, 15.700000
20.000000	, 15.670000
12.000000	, 15.620000
16.000000	, 15.620000
21.000000	, 15.680000
10.000000	, 15.640000
20.000000	, 15.710000
18.000000	, 15.770000
19.000000	, 15.750000
18.000000	, 15.780000
14.000000	, 15.730000
13.000000	, 15.660000
19.000000	, 15.690000
13.000000	, 15.630000
19.000000	, 15.650000
18.000000	, 15.750000
19.000000	, 15.790000
19.000000	, 15.820000
21.000000	, 15.930000
15.000000	, 15.900000
11.000000	, 15.750000
16.000000	, 15.820000
15.000000	, 15.840000
18.000000	, 15.920000
13.000000	, 15.950000
11.000000	, 15.870000
7.000000	, 15.810000
15.000000	, 15.780000
21.000000	, 15.870000
19.000000	, 15.900000
18.000000	, 15.920000
12.000000	, 15.880000
15.000000	, 15.800000
15.000000	, 15.780000
12.000000	, 15.790000
19.000000	, 15.830000
12.000000	, 15.750000
19.000000	, 15.740000
13.000000	, 15.700000
18.000000	, 15.680000
14.000000	, 15.630000
6.000000	, 15.530000
14.000000	, 15.540000
16.000000	, 15.540000
17.000000	, 15.610000
20.000000	, 15.650000
9.000000	, 15.600000
20.000000	, 15.630000
9.000000	, 15.600000
17.000000	, 15.640000
18.000000	, 15.730000
8.000000	, 15.730000
20.000000	, 15.740000
21.000000	, 15.720000
11.000000	, 15.640000
16.000000	, 15.620000
13.000000	, 15.500000
19.000000	, 15.560000
14.000000	, 15.530000
22.000000	, 15.690000
18.000000	, 15.660000
7.000000	, 15.590000
13.000000	, 15.600000
13.000000	, 15.600000
12.000000	, 15.560000
15.000000	, 15.580000
18.000000	, 15.630000
16.000000	, 15.630000
13.000000	, 15.580000
12.000000	, 15.590000
19.000000	, 15.700000
17.000000	, 15.750000
10.000000	, 15.640000
18.000000	, 15.630000
15.000000	, 15.610000
12.000000	, 15.580000
12.000000	, 15.540000
4.000000	, 15.450000
14.000000	, 15.380000
8.000000	, 15.210000
16.000000	, 15.180000
16.000000	, 15.200000
16.000000	, 15.260000
11.000000	, 15.200000
19.000000	, 15.210000
12.000000	, 15.090000
24.000000	, 15.160000
10.000000	, 15.100000
18.000000	, 15.110000
22.000000	, 15.140000
18.000000	, 15.210000
9.000000	, 15.140000
20.000000	, 15.170000
20.000000	, 15.240000
13.000000	, 15.230000
20.000000	, 15.270000
16.000000	, 15.300000
18.000000	, 15.300000
18.000000	, 15.400000
10.000000	, 15.360000
16.000000	, 15.350000
19.000000	, 15.340000
19.000000	, 15.410000
5.000000	, 15.300000
17.000000	, 15.260000
11.000000	, 15.270000
19.000000	, 15.260000
20.000000	, 15.280000
18.000000	, 15.270000
9.000000	, 15.180000
14.000000	, 15.180000
20.000000	, 15.250000
16.000000	, 15.220000
15.000000	, 15.240000
8.000000	, 15.130000
18.000000	, 15.130000
13.000000	, 15.070000
14.000000	, 15.020000
16.000000	, 14.970000
12.000000	, 14.940000
19.000000	, 15.020000
14.000000	, 15.000000
14.000000	, 14.990000
20.000000	, 15.010000
19.000000	, 15.070000
12.000000	, 15.080000
20.000000	, 15.210000
17.000000	, 15.230000
8.000000	, 15.100000
13.000000	, 15.040000
12.000000	, 14.980000
10.000000	, 14.960000
17.000000	, 14.980000
19.000000	, 15.020000
20.000000	, 15.100000
13.000000	, 15.040000
14.000000	, 15.060000
18.000000	, 15.050000
18.000000	, 15.100000
16.000000	, 15.080000
11.000000	, 15.050000
10.000000	, 15.090000
18.000000	, 15.130000
23.000000	, 15.200000
19.000000	, 15.220000
12.000000	, 15.140000
20.000000	, 15.250000
15.000000	, 15.200000
22.000000	, 15.330000
17.000000	, 15.330000
16.000000	, 15.310000
20.000000	, 15.430000
11.000000	, 15.340000
12.000000	, 15.250000
18.000000	, 15.320000
10.000000	, 15.260000
22.000000	, 15.350000
15.000000	, 15.310000
15.000000	, 15.320000
14.000000	, 15.240000
10.000000	, 15.160000
17.000000	, 15.260000
17.000000	, 15.300000
16.000000	, 15.330000
16.000000	, 15.370000
13.000000	, 15.350000
13.000000	, 15.300000
17.000000	, 15.310000
19.000000	, 15.370000
13.000000	, 15.380000
15.000000	, 15.340000
12.000000	, 15.290000
15.000000	, 15.340000
14.000000	, 15.300000
14.000000	, 15.290000
14.000000	, 15.310000
17.000000	, 15.360000
14.000000	, 15.460000
17.000000	, 15.490000
14.000000	, 15.550000
13.000000	, 15.520000
18.000000	, 15.540000
18.000000	, 15.560000
16.000000	, 15.610000
17.000000	, 15.590000
8.000000	, 15.550000
18.000000	, 15.490000
13.000000	, 15.520000
13.000000	, 15.470000
22.000000	, 15.470000
21.000000	, 15.500000
13.000000	, 15.540000
17.000000	, 15.510000
11.000000	, 15.420000
12.000000	, 15.410000
14.000000	, 15.350000
18.000000	, 15.370000
17.000000	, 15.360000
12.000000	, 15.300000
8.000000	, 15.280000
15.000000	, 15.270000
3.000000	, 15.110000
14.000000	, 15.060000
23.000000	, 15.240000
16.000000	, 15.230000
16.000000	, 15.280000
11.000000	, 15.200000
19.000000	, 15.190000
18.000000	, 15.190000
11.000000	, 15.210000
4.000000	, 15.110000
21.000000	, 15.120000
21.000000	, 15.170000
9.000000	, 15.110000
17.000000	, 15.200000
17.000000	, 15.190000
16.000000	, 15.220000
14.000000	, 15.220000
3.000000	, 15.090000
12.000000	, 15.090000
10.000000	, 15.000000
16.000000	, 15.020000
14.000000	, 15.020000
17.000000	, 14.990000
15.000000	, 14.950000
12.000000	, 14.950000
13.000000	, 14.880000
17.000000	, 14.880000
16.000000	, 14.960000
14.000000	, 14.970000
18.000000	, 15.030000
12.000000	, 15.050000
21.000000	, 15.090000
10.000000	, 15.000000
18.000000	, 14.980000
16.000000	, 15.010000
21.000000	, 15.080000
12.000000	, 15.020000
13.000000	, 14.970000
19.000000	, 15.000000
15.000000	, 15.040000
18.000000	, 15.120000
8.000000	, 15.020000
12.000000	, 14.910000
17.000000	, 14.890000
16.000000	, 14.930000
20.000000	, 14.930000
15.000000	, 14.930000
11.000000	, 14.820000
11.000000	, 14.760000
20.000000	, 14.800000
13.000000	, 14.730000
12.000000	, 14.740000
14.000000	, 14.760000
15.000000	, 14.730000
13.000000	, 14.760000
10.000000	, 14.640000
18.000000	, 14.670000
19.000000	, 14.710000
18.000000	, 14.750000
13.000000	, 14.780000
17.000000	, 14.780000
15.000000	, 14.760000
8.000000	, 14.680000
12.000000	, 14.640000
18.000000	, 14.690000
13.000000	, 14.690000
14.000000	, 14.660000
9.000000	, 14.560000
16.000000	, 14.590000
17.000000	, 14.610000
19.000000	, 14.680000
18.000000	, 14.710000
17.000000	, 14.740000
17.000000	, 14.770000
19.000000	, 14.820000
9.000000	, 14.740000
19.000000	, 14.790000
11.000000	, 14.730000
14.000000	, 14.730000
12.000000	, 14.720000
10.000000	, 14.640000
20.000000	, 14.660000
21.000000	, 14.710000
7.000000	, 14.610000
18.000000	, 14.710000
8.000000	, 14.610000
17.000000	, 14.650000
10.000000	, 14.620000
17.000000	, 14.570000
16.000000	, 14.520000
20.000000	, 14.590000
21.000000	, 14.630000
14.000000	, 14.660000
6.000000	, 14.600000
15.000000	, 14.610000
13.000000	, 14.560000
8.000000	, 14.470000
6.000000	, 14.410000
18.000000	, 14.510000
6.000000	, 14.420000
13.000000	, 14.520000
10.000000	, 14.480000
18.000000	, 14.430000
8.000000	, 14.350000
15.000000	, 14.340000
11.000000	, 14.340000
8.000000	, 14.230000
12.000000	, 14.170000
7.000000	, 14.130000
13.000000	, 14.220000
14.000000	, 14.150000
6.000000	, 14.000000
14.000000	, 14.050000
21.000000	, 14.090000
11.000000	, 14.030000
22.000000	, 14.090000
19.000000	, 14.140000
8.000000	, 14.190000
16.000000	, 14.230000
11.000000	, 14.240000
14.000000	, 14.220000
13.000000	, 14.210000
14.000000	, 14.180000
11.000000	, 14.140000
20.000000	, 14.220000
3.000000	, 14.120000
15.000000	, 14.100000
9.000000	, 14.030000
18.000000	, 14.070000
14.000000	, 14.030000
12.000000	, 14.030000
27.000000	, 14.090000
21.000000	, 14.200000
13.000000	, 14.150000
15.000000	, 14.140000
13.000000	, 14.060000
13.000000	, 14.070000
20.000000	, 14.140000
18.000000	, 14.130000
14.000000	, 14.120000
10.000000	, 14.040000
19.000000	, 14.150000
24.000000	, 14.270000
13.000000	, 14.230000
16.000000	, 14.230000
14.000000	, 14.170000
4.000000	, 14.060000
20.000000	, 14.150000
15.000000	, 14.190000
19.000000	, 14.180000
19.000000	, 14.240000
17.000000	, 14.290000
18.000000	, 14.330000
22.000000	, 14.400000
22.000000	, 14.490000
19.000000	, 14.580000
17.000000	, 14.570000
0.000000	, 14.380000
15.000000	, 14.350000
21.000000	, 14.430000
15.000000	, 14.410000
9.000000	, 14.350000
14.000000	, 14.410000
16.000000	, 14.450000
21.000000	, 14.480000
10.000000	, 14.450000
14.000000	, 14.450000
16.000000	, 14.520000
17.000000	, 14.530000
22.000000	, 14.580000
21.000000	, 14.600000
15.000000	, 14.570000
18.000000	, 14.580000
15.000000	, 14.560000
15.000000	, 14.520000
19.000000	, 14.620000
18.000000	, 14.610000
18.000000	, 14.680000
22.000000	, 14.760000
18.000000	, 14.820000
16.000000	, 14.880000
20.000000	, 14.880000
15.000000	, 14.820000
18.000000	, 14.930000
11.000000	, 14.860000
16.000000	, 14.940000
15.000000	, 14.920000
18.000000	, 15.000000
16.000000	, 14.990000
18.000000	, 15.010000
13.000000	, 14.940000
20.000000	, 14.930000
19.000000	, 14.980000
16.000000	, 15.080000
16.000000	, 15.090000
15.000000	, 15.110000
12.000000	, 15.150000
14.000000	, 15.230000
15.000000	, 15.200000
19.000000	, 15.330000
20.000000	, 15.400000
12.000000	, 15.420000
21.000000	, 15.450000
23.000000	, 15.600000
14.000000	, 15.590000
14.000000	, 15.620000
11.000000	, 15.650000
9.000000	, 15.620000
19.000000	, 15.740000
16.000000	, 15.770000
14.000000	, 15.770000
17.000000	, 15.880000
17.000000	, 15.910000
15.000000	, 15.850000
16.000000	, 15.900000
16.000000	, 15.840000
15.000000	, 15.800000
14.000000	, 15.860000
18.000000	, 15.880000
16.000000	, 15.930000
20.000000	, 15.990000
15.000000	, 16.010000
15.000000	, 16.020000
19.000000	, 16.100000
19.000000	, 16.090000
17.000000	, 16.230000
17.000000	, 16.250000
12.000000	, 16.280000
17.000000	, 16.270000
16.000000	, 16.290000
14.000000	, 16.310000
16.000000	, 16.200000
8.000000	, 16.070000
15.000000	, 16.090000
12.000000	, 16.060000
9.000000	, 16.020000
13.000000	, 16.020000
22.000000	, 16.040000
12.000000	, 15.980000
17.000000	, 16.010000
16.000000	, 16.070000
18.000000	, 16.060000
18.000000	, 16.000000
10.000000	, 15.970000
3.000000	, 15.840000
12.000000	, 15.820000
15.000000	, 15.930000
13.000000	, 15.860000
12.000000	, 15.830000
18.000000	, 15.820000
22.000000	, 15.850000
14.000000	, 15.820000
17.000000	, 15.810000
19.000000	, 15.780000
14.000000	, 15.700000
16.000000	, 15.670000
19.000000	, 15.690000
19.000000	, 15.880000
17.000000	, 15.900000
17.000000	, 15.860000
16.000000	, 15.870000
13.000000	, 15.910000
15.000000	, 15.920000
16.000000	, 15.920000
16.000000	, 15.870000
15.000000	, 15.920000
18.000000	, 15.960000
22.000000	, 16.020000
10.000000	, 15.950000
18.000000	, 15.910000
16.000000	, 15.860000
13.000000	, 15.840000
10.000000	, 15.760000
13.000000	, 15.740000
14.000000	, 15.730000
12.000000	, 15.660000
17.000000	, 15.650000
16.000000	, 15.630000
16.000000	, 15.570000
17.000000	, 15.560000
20.000000	, 15.600000
17.000000	, 15.570000
17.000000	, 15.590000
14.000000	, 15.550000
13.000000	, 15.570000
17.000000	, 15.580000
18.000000	, 15.610000
17.000000	, 15.600000
21.000000	, 15.650000
18.000000	, 15.650000
13.000000	, 15.650000
14.000000	, 15.590000
8.000000	, 15.480000
16.000000	, 15.480000
16.000000	, 15.480000
18.000000	, 15.510000
19.000000	, 15.580000
1.000000	, 15.450000
16.000000	, 15.460000
20.000000	, 15.470000
16.000000	, 15.430000
15.000000	, 15.460000
16.000000	, 15.410000
20.000000	, 15.380000
13.000000	, 15.370000
11.000000	, 15.340000
16.000000	, 15.390000
14.000000	, 15.440000
19.000000	, 15.440000
12.000000	, 15.400000
17.000000	, 15.430000
16.000000	, 15.420000
10.000000	, 15.350000
10.000000	, 15.300000
20.000000	, 15.340000
19.000000	, 15.370000
6.000000	, 15.280000
18.000000	, 15.320000
12.000000	, 15.260000
10.000000	, 15.200000
16.000000	, 15.160000
13.000000	, 15.140000
19.000000	, 15.180000
7.000000	, 15.060000
17.000000	, 15.040000
11.000000	, 14.980000
23.000000	, 15.040000
15.000000	, 15.070000
20.000000	, 15.100000
17.000000	, 15.110000
19.000000	, 15.160000
18.000000	, 15.180000
19.000000	, 15.290000
18.000000	, 15.320000
22.000000	, 15.420000
15.000000	, 15.480000
19.000000	, 15.540000
20.000000	, 15.520000
14.000000	, 15.540000
16.000000	, 15.530000
26.000000	, 15.630000
20.000000	, 15.650000
17.000000	, 15.640000
19.000000	, 15.730000
22.000000	, 15.920000
13.000000	, 15.930000
16.000000	, 15.940000
17.000000	, 15.980000
19.000000	, 16.050000
8.000000	, 15.950000
17.000000	, 15.900000
15.000000	, 15.910000
17.000000	, 15.910000
17.000000	, 15.890000
22.000000	, 15.970000
15.000000	, 15.960000
11.000000	, 15.880000
17.000000	, 15.860000
18.000000	, 15.870000
16.000000	, 15.860000
20.000000	, 15.900000
20.000000	, 15.970000
20.000000	, 16.020000
16.000000	, 16.020000
22.000000	, 16.080000
13.000000	, 16.060000
20.000000	, 16.080000
18.000000	, 16.040000
20.000000	, 16.140000
8.000000	, 16.040000
16.000000	, 16.040000
12.000000	, 16.030000
17.000000	, 16.100000
13.000000	, 16.100000
17.000000	, 16.130000
16.000000	, 16.170000
14.000000	, 16.140000
