1.000000	, 1.000000
2.000000	, 1.500000
0.000000	, 1.000000
-1.000000	, 0.500000
0.000000	, 0.400000
1.000000	, 0.500000
0.000000	, 0.428571
2.000000	, 0.625000
0.000000	, 0.555556
0.000000	, 0.500000
0.000000	, 0.454545
2.000000	, 0.583333
-2.000000	, 0.384615
-3.000000	, 0.142857
0.000000	, 0.133333
0.000000	, 0.125000
0.000000	, 0.117647
1.000000	, 0.166667
0.000000	, 0.157895
0.000000	, 0.150000
-2.000000	, 0.047619
2.000000	, 0.136364
1.000000	, 0.173913
0.000000	, 0.166667
0.000000	, 0.160000
0.000000	, 0.153846
0.000000	, 0.148148
1.000000	, 0.178571
1.000000	, 0.206897
-2.000000	, 0.133333
-1.000000	, 0.096774
-1.000000	, 0.062500
0.000000	, 0.060606
0.000000	, 0.058824
0.000000	, 0.057143
0.000000	, 0.055556
3.000000	, 0.135135
2.000000	, 0.184211
-2.000000	, 0.128205
0.000000	, 0.125000
0.000000	, 0.121951
-1.000000	, 0.095238
1.000000	, 0.116279
0.000000	, 0.113636
-1.000000	, 0.088889
0.000000	, 0.086957
1.000000	, 0.106383
-2.000000	, 0.062500
0.000000	, 0.061224
1.000000	, 0.080000
1.000000	, 0.098039
5.000000	, 0.192308
0.000000	, 0.188679
1.000000	, 0.203704
0.000000	, 0.200000
1.000000	, 0.214286
-2.000000	, 0.175439
2.000000	, 0.206897
0.000000	, 0.203390
1.000000	, 0.216667
1.000000	, 0.229508
0.000000	, 0.225806
2.000000	, 0.253968
-1.000000	, 0.234375
0.000000	, 0.230769
6.000000	, 0.318182
3.000000	, 0.358209
0.000000	, 0.352941
1.000000	, 0.362319
0.000000	, 0.357143
1.000000	, 0.366197
1.000000	, 0.375000
1.000000	, 0.383562
-1.000000	, 0.364865
0.000000	, 0.360000
0.000000	, 0.355263
1.000000	, 0.363636
1.000000	, 0.371795
2.000000	, 0.392405
3.000000	, 0.425000
2.000000	, 0.444444
2.000000	, 0.463415
-2.000000	, 0.433735
1.000000	, 0.440476
3.000000	, 0.470588
1.000000	, 0.476744
2.000000	, 0.494253
1.000000	, 0.500000
3.000000	, 0.528090
0.000000	, 0.522222
0.000000	, 0.516484
0.000000	, 0.510870
-1.000000	, 0.494624
2.000000	, 0.510638
-1.000000	, 0.494737
1.000000	, 0.500000
-2.000000	, 0.474227
0.000000	, 0.469388
1.000000	, 0.474747
1.000000	, 0.480000
1.000000	, 0.480000
2.000000	, 0.480000
4.000000	, 0.520000
4.000000	, 0.570000
2.000000	, 0.590000
0.000000	, 0.580000
2.000000	, 0.600000
2.000000	, 0.600000
0.000000	, 0.600000
1.000000	, 0.610000
3.000000	, 0.640000
1.000000	, 0.630000
6.000000	, 0.710000
5.000000	, 0.790000
1.000000	, 0.800000
-1.000000	, 0.790000
1.000000	, 0.800000
2.000000	, 0.810000
2.000000	, 0.830000
2.000000	, 0.850000
3.000000	, 0.900000
0.000000	, 0.880000
3.000000	, 0.900000
3.000000	, 0.930000
2.000000	, 0.950000
6.000000	, 1.010000
-1.000000	, 1.000000
0.000000	, 0.990000
3.000000	, 1.010000
2.000000	, 1.050000
3.000000	, 1.090000
4.000000	, 1.140000
4.000000	, 1.180000
3.000000	, 1.210000
2.000000	, 1.230000
0.000000	, 1.230000
3.000000	, 1.230000
2.000000	, 1.230000
4.000000	, 1.290000
0.000000	, 1.290000
2.000000	, 1.310000
3.000000	, 1.350000
2.000000	, 1.360000
3.000000	, 1.390000
0.000000	, 1.400000
4.000000	, 1.440000
0.000000	, 1.430000
2.000000	, 1.470000
2.000000	, 1.490000
6.000000	, 1.540000
3.000000	, 1.560000
4.000000	, 1.550000
6.000000	, 1.610000
1.000000	, 1.610000
5.000000	, 1.660000
1.000000	, 1.660000
7.000000	, 1.750000
3.000000	, 1.760000
0.000000	, 1.760000
1.000000	, 1.760000
1.000000	, 1.760000
7.000000	, 1.830000
6.000000	, 1.870000
4.000000	, 1.920000
4.000000	, 1.960000
7.000000	, 1.970000
1.000000	, 1.950000
4.000000	, 1.990000
5.000000	, 2.030000
1.000000	, 2.040000
4.000000	, 2.070000
5.000000	, 2.110000
5.000000	, 2.150000
4.000000	, 2.200000
3.000000	, 2.230000
5.000000	, 2.280000
5.000000	, 2.320000
5.000000	, 2.360000
4.000000	, 2.380000
3.000000	, 2.380000
4.000000	, 2.400000
2.000000	, 2.400000
1.000000	, 2.430000
3.000000	, 2.450000
5.000000	, 2.470000
1.000000	, 2.470000
3.000000	, 2.480000
4.000000	, 2.510000
1.000000	, 2.490000
4.000000	, 2.530000
1.000000	, 2.540000
2.000000	, 2.560000
3.000000	, 2.600000
3.000000	, 2.610000
4.000000	, 2.660000
2.000000	, 2.670000
5.000000	, 2.740000
4.000000	, 2.780000
5.000000	, 2.820000
3.000000	, 2.840000
5.000000	, 2.880000
9.000000	, 2.950000
5.000000	, 2.960000
4.000000	, 2.960000
6.000000	, 3.000000
5.000000	, 3.050000
3.000000	, 3.060000
0.000000	, 3.040000
5.000000	, 3.090000
2.000000	, 3.100000
4.000000	, 3.110000
3.000000	, 3.130000
7.000000	, 3.140000
5.000000	, 3.140000
7.000000	, 3.200000
4.000000	, 3.250000
7.000000	, 3.310000
4.000000	, 3.330000
3.000000	, 3.340000
5.000000	, 3.370000
5.000000	, 3.390000
6.000000	, 3.450000
5.000000	, 3.470000
3.000000	, 3.470000
1.000000	, 3.460000
0.000000	, 3.400000
3.000000	, 3.440000
3.000000	, 3.470000
6.000000	, 3.500000
7.000000	, 3.550000
3.000000	, 3.550000
3.000000	, 3.540000
7.000000	, 3.570000
5.000000	, 3.590000
10.000000	, 3.670000
9.000000	, 3.760000
6.000000	, 3.790000
4.000000	, 3.810000
11.000000	, 3.880000
2.000000	, 3.900000
6.000000	, 3.940000
2.000000	, 3.930000
7.000000	, 3.980000
2.000000	, 3.970000
3.000000	, 4.000000
6.000000	, 4.020000
5.000000	, 4.070000
8.000000	, 4.130000
8.000000	, 4.190000
5.000000	, 4.180000
2.000000	, 4.170000
2.000000	, 4.150000
3.000000	, 4.120000
2.000000	, 4.130000
3.000000	, 4.110000
2.000000	, 4.120000
6.000000	, 4.110000
9.000000	, 4.170000
6.000000	, 4.230000
8.000000	, 4.300000
9.000000	, 4.380000
7.000000	, 4.380000
2.000000	, 4.340000
1.000000	, 4.310000
4.000000	, 4.310000
6.000000	, 4.300000
7.000000	, 4.360000
6.000000	, 4.380000
3.000000	, 4.360000
1.000000	, 4.360000
7.000000	, 4.390000
1.000000	, 4.350000
7.000000	, 4.370000
13.000000	, 4.460000
6.000000	, 4.490000
2.000000	, 4.460000
5.000000	, 4.460000
5.000000	, 4.460000
5.000000	, 4.470000
4.000000	, 4.480000
8.000000	, 4.520000
3.000000	, 4.530000
15.000000	, 4.670000
3.000000	, 4.670000
7.000000	, 4.690000
8.000000	, 4.760000
2.000000	, 4.750000
5.000000	, 4.760000
6.000000	, 4.810000
9.000000	, 4.860000
4.000000	, 4.890000
8.000000	, 4.950000
9.000000	, 5.010000
2.000000	, 5.000000
5.000000	, 5.010000
6.000000	, 5.050000
4.000000	, 5.040000
11.000000	, 5.110000
10.000000	, 5.160000
1.000000	, 5.140000
11.000000	, 5.200000
7.000000	, 5.180000
4.000000	, 5.170000
10.000000	, 5.230000
9.000000	, 5.260000
3.000000	, 5.240000
11.000000	, 5.320000
2.000000	, 5.340000
7.000000	, 5.360000
10.000000	, 5.440000
7.000000	, 5.470000
8.000000	, 5.520000
1.000000	, 5.460000
9.000000	, 5.500000
5.000000	, 5.480000
6.000000	, 5.500000
5.000000	, 5.480000
7.000000	, 5.510000
10.000000	, 5.580000
5.000000	, 5.580000
3.000000	, 5.560000
9.000000	, 5.590000
5.000000	, 5.590000
8.000000	, 5.640000
10.000000	, 5.730000
5.000000	, 5.780000
9.000000	, 5.840000
2.000000	, 5.830000
7.000000	, 5.840000
8.000000	, 5.850000
6.000000	, 5.880000
2.000000	, 5.870000
6.000000	, 5.860000
7.000000	, 5.880000
1.000000	, 5.790000
11.000000	, 5.810000
6.000000	, 5.810000
1.000000	, 5.780000
5.000000	, 5.720000
12.000000	, 5.820000
10.000000	, 5.860000
4.000000	, 5.880000
6.000000	, 5.870000
9.000000	, 5.940000
12.000000	, 6.030000
14.000000	, 6.110000
7.000000	, 6.130000
4.000000	, 6.090000
9.000000	, 6.100000
8.000000	, 6.130000
9.000000	, 6.200000
8.000000	, 6.260000
9.000000	, 6.320000
11.000000	, 6.410000
4.000000	, 6.420000
10.000000	, 6.500000
6.000000	, 6.500000
12.000000	, 6.530000
9.000000	, 6.560000
8.000000	, 6.560000
6.000000	, 6.530000
10.000000	, 6.560000
10.000000	, 6.640000
12.000000	, 6.750000
12.000000	, 6.830000
5.000000	, 6.820000
11.000000	, 6.860000
2.000000	, 6.820000
3.000000	, 6.820000
2.000000	, 6.830000
7.000000	, 6.830000
12.000000	, 6.940000
9.000000	, 6.960000
9.000000	, 6.920000
10.000000	, 6.960000
11.000000	, 7.050000
8.000000	, 7.080000
7.000000	, 7.100000
9.000000	, 7.140000
3.000000	, 7.130000
6.000000	, 7.110000
14.000000	, 7.220000
9.000000	, 7.160000
3.000000	, 7.160000
15.000000	, 7.240000
9.000000	, 7.250000
6.000000	, 7.290000
6.000000	, 7.300000
9.000000	, 7.330000
10.000000	, 7.340000
6.000000	, 7.360000
10.000000	, 7.380000
5.000000	, 7.340000
5.000000	, 7.370000
11.000000	, 7.430000
12.000000	, 7.490000
8.000000	, 7.530000
12.000000	, 7.540000
9.000000	, 7.530000
6.000000	, 7.580000
10.000000	, 7.570000
7.000000	, 7.570000
11.000000	, 7.640000
13.000000	, 7.670000
4.000000	, 7.620000
8.000000	, 7.670000
11.000000	, 7.670000
12.000000	, 7.770000
10.000000	, 7.800000
11.000000	, 7.810000
7.000000	, 7.810000
15.000000	, 7.880000
5.000000	, 7.920000
6.000000	, 7.890000
5.000000	, 7.890000
9.000000	, 7.920000
10.000000	, 7.970000
12.000000	, 8.020000
13.000000	, 8.050000
10.000000	, 8.100000
4.000000	, 8.110000
10.000000	, 8.120000
8.000000	, 8.150000
9.000000	, 8.160000
5.000000	, 8.110000
8.000000	, 8.140000
15.000000	, 8.200000
5.000000	, 8.230000
12.000000	, 8.280000
9.000000	, 8.290000
11.000000	, 8.340000
10.000000	, 8.420000
9.000000	, 8.450000
9.000000	, 8.470000
8.000000	, 8.540000
13.000000	, 8.560000
7.000000	, 8.570000
7.000000	, 8.630000
11.000000	, 8.690000
12.000000	, 8.690000
6.000000	, 8.650000
7.000000	, 8.680000
4.000000	, 8.660000
9.000000	, 8.660000
8.000000	, 8.620000
11.000000	, 8.590000
10.000000	, 8.620000
10.000000	, 8.680000
6.000000	, 8.650000
15.000000	, 8.720000
9.000000	, 8.720000
1.000000	, 8.650000
11.000000	, 8.670000
10.000000	, 8.660000
12.000000	, 8.740000
3.000000	, 8.670000
13.000000	, 8.740000
10.000000	, 8.720000
13.000000	, 8.760000
10.000000	, 8.780000
10.000000	, 8.820000
7.000000	, 8.790000
12.000000	, 8.810000
15.000000	, 8.840000
11.000000	, 8.830000
8.000000	, 8.860000
14.000000	, 8.890000
11.000000	, 8.980000
3.000000	, 8.980000
10.000000	, 9.060000
12.000000	, 9.110000
5.000000	, 9.040000
8.000000	, 9.030000
9.000000	, 9.030000
12.000000	, 9.050000
10.000000	, 9.040000
12.000000	, 9.080000
11.000000	, 9.120000
14.000000	, 9.170000
9.000000	, 9.230000
12.000000	, 9.290000
9.000000	, 9.240000
10.000000	, 9.250000
15.000000	, 9.370000
9.000000	, 9.310000
16.000000	, 9.380000
9.000000	, 9.410000
6.000000	, 9.410000
13.000000	, 9.450000
11.000000	, 9.460000
16.000000	, 9.560000
16.000000	, 9.620000
11.000000	, 9.680000
9.000000	, 9.720000
7.000000	, 9.680000
6.000000	, 9.620000
11.000000	, 9.650000
9.000000	, 9.620000
11.000000	, 9.640000
21.000000	, 9.790000
9.000000	, 9.780000
13.000000	, 9.840000
15.000000	, 9.880000
12.000000	, 9.870000
17.000000	, 10.000000
11.000000	, 10.030000
8.000000	, 10.000000
16.000000	, 10.040000
8.000000	, 10.020000
11.000000	, 10.020000
13.000000	, 10.080000
12.000000	, 10.050000
10.000000	, 10.100000
3.000000	, 10.070000
16.000000	, 10.180000
16.000000	, 10.250000
9.000000	, 10.240000
10.000000	, 10.220000
7.000000	, 10.160000
16.000000	, 10.220000
14.000000	, 10.320000
7.000000	, 10.290000
7.000000	, 10.280000
16.000000	, 10.350000
15.000000	, 10.450000
16.000000	, 10.530000
11.000000	, 10.490000
7.000000	, 10.510000
13.000000	, 10.520000
7.000000	, 10.500000
8.000000	, 10.470000
18.000000	, 10.550000
10.000000	, 10.560000
17.000000	, 10.640000
10.000000	, 10.660000
9.000000	, 10.620000
10.000000	, 10.650000
11.000000	, 10.690000
7.000000	, 10.650000
10.000000	, 10.630000
16.000000	, 10.730000
6.000000	, 10.720000
13.000000	, 10.810000
14.000000	, 10.860000
8.000000	, 10.860000
14.000000	, 10.890000
14.000000	, 10.930000
9.000000	, 10.920000
14.000000	, 11.000000
6.000000	, 10.910000
14.000000	, 10.960000
15.000000	, 11.100000
17.000000	, 11.160000
15.000000	, 11.210000
11.000000	, 11.200000
12.000000	, 11.290000
12.000000	, 11.280000
14.000000	, 11.320000
14.000000	, 11.330000
10.000000	, 11.330000
17.000000	, 11.400000
15.000000	, 11.480000
7.000000	, 11.430000
8.000000	, 11.360000
8.000000	, 11.330000
12.000000	, 11.370000
16.000000	, 11.390000
9.000000	, 11.370000
14.000000	, 11.480000
5.000000	, 11.430000
15.000000	, 11.460000
14.000000	, 11.550000
8.000000	, 11.550000
12.000000	, 11.580000
10.000000	, 11.560000
11.000000	, 11.570000
9.000000	, 11.540000
6.000000	, 11.490000
17.000000	, 11.520000
9.000000	, 11.520000
11.000000	, 11.510000
13.000000	, 11.550000
15.000000	, 11.600000
13.000000	, 11.580000
17.000000	, 11.660000
10.000000	, 11.600000
14.000000	, 11.650000
14.000000	, 11.730000
5.000000	, 11.650000
12.000000	, 11.660000
14.000000	, 11.640000
14.000000	, 11.620000
13.000000	, 11.640000
15.000000	, 11.700000
9.000000	, 11.720000
11.000000	, 11.770000
13.000000	, 11.790000
11.000000	, 11.810000
10.000000	, 11.800000
9.000000	, 11.680000
12.000000	, 11.710000
11.000000	, 11.690000
14.000000	, 11.680000
15.000000	, 11.710000
9.000000	, 11.630000
13.000000	, 11.650000
11.000000	, 11.680000
4.000000	, 11.560000
13.000000	, 11.610000
15.000000	, 11.650000
8.000000	, 11.600000
20.000000	, 11.680000
13.000000	, 11.710000
8.000000	, 11.760000
7.000000	, 11.670000
10.000000	, 11.610000
12.000000	, 11.640000
10.000000	, 11.640000
15.000000	, 11.720000
16.000000	, 11.720000
7.000000	, 11.650000
11.000000	, 11.690000
15.000000	, 11.770000
16.000000	, 11.770000
12.000000	, 11.740000
17.000000	, 11.750000
13.000000	, 11.770000
12.000000	, 11.820000
9.000000	, 11.780000
16.000000	, 11.870000
11.000000	, 11.900000
11.000000	, 11.830000
9.000000	, 11.820000
17.000000	, 11.820000
17.000000	, 11.890000
13.000000	, 11.930000
10.000000	, 11.930000
16.000000	, 11.980000
12.000000	, 12.030000
6.000000	, 11.990000
10.000000	, 11.930000
13.000000	, 12.000000
11.000000	, 11.980000
12.000000	, 11.960000
9.000000	, 11.970000
15.000000	, 11.980000
6.000000	, 11.900000
8.000000	, 11.890000
14.000000	, 11.890000
9.000000	, 11.920000
9.000000	, 11.870000
8.000000	, 11.800000
13.000000	, 11.760000
14.000000	, 11.750000
19.000000	, 11.830000
17.000000	, 11.880000
16.000000	, 11.920000
13.000000	, 11.910000
15.000000	, 11.920000
13.000000	, 11.950000
7.000000	, 11.850000
13.000000	, 11.830000
13.000000	, 11.890000
13.000000	, 11.940000
10.000000	, 11.960000
5.000000	, 11.890000
12.000000	, 11.850000
16.000000	, 11.920000
18.000000	, 11.960000
16.000000	, 12.070000
16.000000	, 12.080000
15.000000	, 12.090000
17.000000	, 12.180000
8.000000	, 12.140000
12.000000	, 12.160000
20.000000	, 12.250000
19.000000	, 12.350000
11.000000	, 12.400000
6.000000	, 12.290000
16.000000	, 12.360000
15.000000	, 12.400000
11.000000	, 12.380000
18.000000	, 12.410000
5.000000	, 12.330000
13.000000	, 12.290000
15.000000	, 12.340000
22.000000	, 12.420000
12.000000	, 12.400000
11.000000	, 12.460000
13.000000	, 12.470000
10.000000	, 12.430000
14.000000	, 12.430000
14.000000	, 12.440000
18.000000	, 12.470000
19.000000	, 12.570000
13.000000	, 12.590000
9.000000	, 12.550000
9.000000	, 12.530000
12.000000	, 12.550000
17.000000	, 12.630000
14.000000	, 12.650000
12.000000	, 12.660000
16.000000	, 12.680000
3.000000	, 12.560000
10.000000	, 12.570000
14.000000	, 12.580000
11.000000	, 12.580000
14.000000	, 12.680000
13.000000	, 12.680000
11.000000	, 12.640000
8.000000	, 12.640000
18.000000	, 12.620000
9.000000	, 12.580000
10.000000	, 12.600000
13.000000	, 12.660000
10.000000	, 12.660000
13.000000	, 12.670000
10.000000	, 12.670000
13.000000	, 12.650000
13.000000	, 12.620000
12.000000	, 12.670000
8.000000	, 12.640000
13.000000	, 12.620000
10.000000	, 12.560000
16.000000	, 12.600000
12.000000	, 12.550000
12.000000	, 12.540000
16.000000	, 12.580000
15.000000	, 12.640000
11.000000	, 12.590000
18.000000	, 12.660000
13.000000	, 12.680000
15.000000	, 12.740000
11.000000	, 12.680000
11.000000	, 12.620000
15.000000	, 12.640000
10.000000	, 12.640000
11.000000	, 12.590000
17.000000	, 12.640000
16.000000	, 12.740000
13.000000	, 12.770000
16.000000	, 12.800000
6.000000	, 12.750000
16.000000	, 12.790000
11.000000	, 12.810000
11.000000	, 12.770000
16.000000	, 12.870000
15.000000	, 12.940000
14.000000	, 12.940000
12.000000	, 12.970000
15.000000	, 13.030000
15.000000	, 13.100000
12.000000	, 13.090000
15.000000	, 13.100000
15.000000	, 13.060000
12.000000	, 13.010000
18.000000	, 13.030000
12.000000	, 13.020000
10.000000	, 12.970000
20.000000	, 13.040000
16.000000	, 13.130000
9.000000	, 13.090000
11.000000	, 13.070000
16.000000	, 13.100000
15.000000	, 13.150000
10.000000	, 13.200000
9.000000	, 13.170000
14.000000	, 13.150000
17.000000	, 13.140000
14.000000	, 13.120000
17.000000	, 13.130000
18.000000	, 13.160000
9.000000	, 13.080000
14.000000	, 13.140000
15.000000	, 13.170000
10.000000	, 13.070000
9.000000	, 12.970000
9.000000	, 12.950000
12.000000	, 13.010000
11.000000	, 12.960000
19.000000	, 13.000000
13.000000	, 13.020000
13.000000	, 12.970000
7.000000	, 12.990000
14.000000	, 13.000000
19.000000	, 13.040000
11.000000	, 12.930000
15.000000	, 12.960000
19.000000	, 13.040000
12.000000	, 13.030000
14.000000	, 13.070000
19.000000	, 13.120000
14.000000	, 13.120000
13.000000	, 13.070000
16.000000	, 13.040000
16.000000	, 13.070000
17.000000	, 13.150000
10.000000	, 13.160000
11.000000	, 13.150000
11.000000	, 13.090000
8.000000	, 13.030000
8.000000	, 12.990000
18.000000	, 13.010000
16.000000	, 13.140000
13.000000	, 13.170000
8.000000	, 13.110000
6.000000	, 13.060000
15.000000	, 13.070000
23.000000	, 13.170000
20.000000	, 13.260000
16.000000	, 13.340000
20.000000	, 13.360000
14.000000	, 13.410000
14.000000	, 13.450000
11.000000	, 13.430000
5.000000	, 13.380000
14.000000	, 13.390000
15.000000	, 13.440000
18.000000	, 13.490000
17.000000	, 13.530000
16.000000	, 13.570000
11.000000	, 13.600000
16.000000	, 13.630000
18.000000	, 13.710000
18.000000	, 13.730000
14.000000	, 13.750000
20.000000	, 13.830000
11.000000	, 13.780000
15.000000	, 13.780000
11.000000	, 13.780000
17.000000	, 13.770000
17.000000	, 13.810000
15.000000	, 13.810000
19.000000	, 13.890000
13.000000	, 13.910000
11.000000	, 13.870000
15.000000	, 13.920000
12.000000	, 13.930000
17.000000	, 13.930000
9.000000	, 13.860000
16.000000	, 13.890000
12.000000	, 13.850000
12.000000	, 13.910000
11.000000	, 13.860000
14.000000	, 13.890000
17.000000	, 13.950000
16.000000	, 13.950000
18.000000	, 13.980000
16.000000	, 14.000000
15.000000	, 14.030000
18.000000	, 14.060000
11.000000	, 14.020000
13.000000	, 14.030000
11.000000	, 13.990000
17.000000	, 14.010000
18.000000	, 14.070000
16.000000	, 14.050000
15.000000	, 14.080000
15.000000	, 14.130000
17.000000	, 14.100000
17.000000	, 14.110000
14.000000	, 14.160000
16.000000	, 14.210000
14.000000	, 14.190000
16.000000	, 14.200000
10.000000	, 14.200000
14.000000	, 14.250000
16.000000	, 14.270000
11.000000	, 14.210000
20.000000	, 14.270000
15.000000	, 14.250000
12.000000	, 14.190000
12.000000	, 14.220000
13.000000	, 14.210000
21.000000	, 14.270000
14.000000	, 14.310000
10.000000	, 14.320000
11.000000	, 14.340000
17.000000	, 14.390000
13.000000	, 14.410000
18.000000	, 14.400000
13.000000	, 14.400000
12.000000	, 14.390000
22.000000	, 14.540000
12.000000	, 14.520000
10.000000	, 14.430000
11.000000	, 14.430000
17.000000	, 14.450000
12.000000	, 14.380000
13.000000	, 14.390000
11.000000	, 14.360000
12.000000	, 14.290000
19.000000	, 14.340000
8.000000	, 14.290000
18.000000	, 14.310000
17.000000	, 14.320000
12.000000	, 14.270000
10.000000	, 14.270000
11.000000	, 14.270000
17.000000	, 14.330000
16.000000	, 14.410000
21.000000	, 14.540000
10.000000	, 14.460000
15.000000	, 14.450000
15.000000	, 14.470000
15.000000	, 14.540000
15.000000	, 14.630000
23.000000	, 14.710000
14.000000	, 14.620000
12.000000	, 14.540000
13.000000	, 14.510000
18.000000	, 14.490000
14.000000	, 14.490000
20.000000	, 14.550000
19.000000	, 14.630000
15.000000	, 14.730000
12.000000	, 14.710000
17.000000	, 14.730000
4.000000	, 14.590000
11.000000	, 14.530000
13.000000	, 14.500000
16.000000	, 14.550000
19.000000	, 14.580000
13.000000	, 14.530000
18.000000	, 14.530000
14.000000	, 14.530000
20.000000	, 14.530000
15.000000	, 14.570000
20.000000	, 14.620000
15.000000	, 14.660000
14.000000	, 14.630000
16.000000	, 14.620000
21.000000	, 14.680000
16.000000	, 14.650000
19.000000	, 14.710000
14.000000	, 14.740000
16.000000	, 14.750000
14.000000	, 14.770000
17.000000	, 14.770000
18.000000	, 14.860000
14.000000	, 14.840000
11.000000	, 14.830000
17.000000	, 14.880000
16.000000	, 14.930000
14.000000	, 14.930000
22.000000	, 14.980000
16.000000	, 14.980000
13.000000	, 14.930000
21.000000	, 14.980000
19.000000	, 15.020000
19.000000	, 15.030000
15.000000	, 15.070000
13.000000	, 15.070000
21.000000	, 15.170000
8.000000	, 15.080000
19.000000	, 15.090000
16.000000	, 15.090000
7.000000	, 15.010000
18.000000	, 15.040000
18.000000	, 15.050000
10.000000	, 14.980000
21.000000	, 15.050000
15.000000	, 15.040000
15.000000	, 15.050000
12.000000	, 15.010000
26.000000	, 15.170000
16.000000	, 15.190000
21.000000	, 15.240000
17.000000	, 15.300000
18.000000	, 15.280000
17.000000	, 15.300000
18.000000	, 15.360000
19.000000	, 15.430000
19.000000	, 15.490000
11.000000	, 15.390000
20.000000	, 15.450000
19.000000	, 15.540000
15.000000	, 15.580000
13.000000	, 15.540000
18.000000	, 15.590000
15.000000	, 15.560000
12.000000	, 15.550000
12.000000	, 15.550000
19.000000	, 15.520000
15.000000	, 15.550000
16.000000	, 15.610000
9.000000	, 15.590000
15.000000	, 15.570000
17.000000	, 15.620000
19.000000	, 15.680000
14.000000	, 15.710000
13.000000	, 15.720000
14.000000	, 15.670000
16.000000	, 15.750000
20.000000	, 15.770000
13.000000	, 15.730000
15.000000	, 15.760000
18.000000	, 15.840000
19.000000	, 15.920000
19.000000	, 15.940000
13.000000	, 15.910000
15.000000	, 15.850000
14.000000	, 15.890000
13.000000	, 15.870000
17.000000	, 15.890000
14.000000	, 15.880000
18.000000	, 15.910000
19.000000	, 15.870000
13.000000	, 15.860000
11.000000	, 15.850000
9.000000	, 15.810000
19.000000	, 15.820000
9.000000	, 15.770000
16.000000	, 15.730000
15.000000	, 15.690000
14.000000	, 15.680000
16.000000	, 15.720000
12.000000	, 15.670000
17.000000	, 15.800000
14.000000	, 15.830000
19.000000	, 15.890000
15.000000	, 15.880000
16.000000	, 15.850000
16.000000	, 15.880000
12.000000	, 15.820000
16.000000	, 15.840000
5.000000	, 15.690000
19.000000	, 15.730000
12.000000	, 15.650000
16.000000	, 15.660000
13.000000	, 15.650000
15.000000	, 15.640000
12.000000	, 15.550000
16.000000	, 15.550000
17.000000	, 15.530000
20.000000	, 15.590000
14.000000	, 15.570000
14.000000	, 15.570000
14.000000	, 15.540000
17.000000	, 15.530000
19.000000	, 15.580000
14.000000	, 15.610000
19.000000	, 15.630000
19.000000	, 15.660000
17.000000	, 15.690000
22.000000	, 15.690000
19.000000	, 15.720000
15.000000	, 15.740000
16.000000	, 15.690000
15.000000	, 15.650000
19.000000	, 15.650000
13.000000	, 15.630000
17.000000	, 15.670000
10.000000	, 15.560000
14.000000	, 15.620000
19.000000	, 15.620000
20.000000	, 15.660000
21.000000	, 15.800000
19.000000	, 15.810000
18.000000	, 15.810000
15.000000	, 15.860000
15.000000	, 15.800000
18.000000	, 15.830000
12.000000	, 15.800000
23.000000	, 15.910000
2.000000	, 15.670000
19.000000	, 15.700000
19.000000	, 15.680000
14.000000	, 15.650000
14.000000	, 15.610000
24.000000	, 15.680000
17.000000	, 15.670000
18.000000	, 15.660000
21.000000	, 15.680000
13.000000	, 15.700000
15.000000	, 15.650000
21.000000	, 15.670000
20.000000	, 15.720000
16.000000	, 15.750000
16.000000	, 15.730000
15.000000	, 15.730000
11.000000	, 15.720000
16.000000	, 15.760000
18.000000	, 15.750000
17.000000	, 15.770000
20.000000	, 15.810000
13.000000	, 15.850000
15.000000	, 15.850000
12.000000	, 15.800000
19.000000	, 15.800000
17.000000	, 15.830000
10.000000	, 15.800000
14.000000	, 15.800000
14.000000	, 15.780000
21.000000	, 15.790000
19.000000	, 15.850000
13.000000	, 15.830000
16.000000	, 15.810000
15.000000	, 15.770000
3.000000	, 15.610000
10.000000	, 15.580000
12.000000	, 15.550000
18.000000	, 15.590000
16.000000	, 15.620000
12.000000	, 15.570000
16.000000	, 15.590000
16.000000	, 15.570000
17.000000	, 15.550000
15.000000	, 15.570000
15.000000	, 15.610000
14.000000	, 15.660000
14.000000	, 15.610000
17.000000	, 15.690000
21.000000	, 15.740000
16.000000	, 15.750000
16.000000	, 15.770000
15.000000	, 15.760000
17.000000	, 15.810000
11.000000	, 15.750000
17.000000	, 15.780000
16.000000	, 15.750000
16.000000	, 15.760000
15.000000	, 15.750000
20.000000	, 15.790000
8.000000	, 15.750000
18.000000	, 15.770000
17.000000	, 15.890000
15.000000	, 15.850000
13.000000	, 15.860000
18.000000	, 15.880000
18.000000	, 15.930000
14.000000	, 15.920000
19.000000	, 15.990000
15.000000	, 15.980000
20.000000	, 16.010000
15.000000	, 15.960000
12.000000	, 15.940000
16.000000	, 15.960000
19.000000	, 16.010000
11.000000	, 15.950000
19.000000	, 15.950000
18.000000	, 15.990000
15.000000	, 15.950000
14.000000	, 15.900000
17.000000	, 15.900000
20.000000	, 15.880000
17.000000	, 15.860000
15.000000	, 15.860000
14.000000	, 15.840000
15.000000	, 15.840000
9.000000	, 15.740000
20.000000	, 15.810000
15.000000	, 15.790000
19.000000	, 15.880000
15.000000	, 15.890000
16.000000	, 15.860000
12.000000	, 15.780000
16.000000	, 15.730000
20.000000	, 15.740000
15.000000	, 15.710000
10.000000	, 15.660000
17.000000	, 15.680000
19.000000	, 15.690000
19.000000	, 15.760000
13.000000	, 15.660000
15.000000	, 15.790000
20.000000	, 15.800000
17.000000	, 15.780000
17.000000	, 15.810000
14.000000	, 15.810000
10.000000	, 15.670000
25.000000	, 15.750000
19.000000	, 15.760000
21.000000	, 15.760000
18.000000	, 15.810000
23.000000	, 15.890000
15.000000	, 15.830000
8.000000	, 15.710000
16.000000	, 15.710000
23.000000	, 15.780000
20.000000	, 15.830000
12.000000	, 15.840000
10.000000	, 15.780000
14.000000	, 15.740000
14.000000	, 15.710000
15.000000	, 15.660000
12.000000	, 15.650000
18.000000	, 15.680000
16.000000	, 15.720000
10.000000	, 15.630000
13.000000	, 15.590000
19.000000	, 15.680000
13.000000	, 15.670000
22.000000	, 15.750000
17.000000	, 15.710000
10.000000	, 15.620000
26.000000	, 15.750000
5.000000	, 15.640000
19.000000	, 15.680000
21.000000	, 15.860000
