0.000000	, 0.000000
1.000000	, 0.500000
1.000000	, 0.666667
-3.000000	, -0.250000
1.000000	, 0.000000
0.000000	, 0.000000
2.000000	, 0.285714
0.000000	, 0.250000
0.000000	, 0.222222
0.000000	, 0.200000
1.000000	, 0.272727
1.000000	, 0.333333
-2.000000	, 0.153846
2.000000	, 0.285714
1.000000	, 0.333333
3.000000	, 0.500000
2.000000	, 0.588235
2.000000	, 0.666667
2.000000	, 0.736842
1.000000	, 0.750000
1.000000	, 0.761905
2.000000	, 0.818182
0.000000	, 0.782609
1.000000	, 0.791667
3.000000	, 0.880000
-1.000000	, 0.807692
2.000000	, 0.851852
0.000000	, 0.821429
2.000000	, 0.862069
0.000000	, 0.833333
2.000000	, 0.870968
5.000000	, 1.000000
3.000000	, 1.060606
1.000000	, 1.058824
0.000000	, 1.028571
2.000000	, 1.055556
5.000000	, 1.162162
4.000000	, 1.236842
2.000000	, 1.256410
1.000000	, 1.250000
5.000000	, 1.341463
4.000000	, 1.404762
5.000000	, 1.488372
1.000000	, 1.477273
5.000000	, 1.555556
7.000000	, 1.673913
4.000000	, 1.723404
5.000000	, 1.791667
1.000000	, 1.775510
6.000000	, 1.860000
8.000000	, 1.980392
4.000000	, 2.019231
3.000000	, 2.037736
4.000000	, 2.074074
4.000000	, 2.109091
4.000000	, 2.142857
4.000000	, 2.175439
4.000000	, 2.206897
7.000000	, 2.288136
1.000000	, 2.266667
5.000000	, 2.311475
8.000000	, 2.403226
3.000000	, 2.412698
3.000000	, 2.421875
4.000000	, 2.446154
9.000000	, 2.545455
5.000000	, 2.582090
8.000000	, 2.661765
5.000000	, 2.695652
13.000000	, 2.842857
7.000000	, 2.901408
8.000000	, 2.972222
6.000000	, 3.013699
5.000000	, 3.040541
7.000000	, 3.093333
5.000000	, 3.118421
6.000000	, 3.155844
3.000000	, 3.153846
9.000000	, 3.227848
6.000000	, 3.262500
10.000000	, 3.345679
5.000000	, 3.365854
6.000000	, 3.397590
6.000000	, 3.428571
9.000000	, 3.494118
8.000000	, 3.546512
10.000000	, 3.620690
11.000000	, 3.704545
11.000000	, 3.786517
5.000000	, 3.800000
7.000000	, 3.835165
7.000000	, 3.869565
7.000000	, 3.903226
10.000000	, 3.968085
9.000000	, 4.021053
11.000000	, 4.093750
8.000000	, 4.134021
3.000000	, 4.122449
9.000000	, 4.171717
11.000000	, 4.240000
6.000000	, 4.300000
3.000000	, 4.320000
10.000000	, 4.410000
7.000000	, 4.510000
9.000000	, 4.590000
11.000000	, 4.700000
9.000000	, 4.770000
15.000000	, 4.920000
11.000000	, 5.030000
10.000000	, 5.130000
6.000000	, 5.180000
6.000000	, 5.230000
7.000000	, 5.320000
8.000000	, 5.380000
6.000000	, 5.430000
10.000000	, 5.500000
7.000000	, 5.550000
16.000000	, 5.690000
9.000000	, 5.760000
9.000000	, 5.840000
6.000000	, 5.890000
9.000000	, 5.960000
12.000000	, 6.080000
5.000000	, 6.120000
15.000000	, 6.240000
8.000000	, 6.330000
10.000000	, 6.410000
9.000000	, 6.500000
13.000000	, 6.610000
11.000000	, 6.720000
15.000000	, 6.850000
10.000000	, 6.900000
10.000000	, 6.970000
11.000000	, 7.070000
14.000000	, 7.210000
7.000000	, 7.260000
7.000000	, 7.280000
12.000000	, 7.360000
8.000000	, 7.420000
13.000000	, 7.540000
3.000000	, 7.520000
14.000000	, 7.620000
7.000000	, 7.640000
7.000000	, 7.700000
12.000000	, 7.770000
6.000000	, 7.760000
10.000000	, 7.820000
17.000000	, 7.940000
7.000000	, 8.000000
10.000000	, 8.040000
12.000000	, 8.080000
11.000000	, 8.150000
11.000000	, 8.230000
11.000000	, 8.300000
1.000000	, 8.270000
17.000000	, 8.400000
13.000000	, 8.490000
13.000000	, 8.580000
20.000000	, 8.710000
16.000000	, 8.860000
10.000000	, 8.910000
11.000000	, 8.940000
13.000000	, 9.040000
11.000000	, 9.120000
11.000000	, 9.190000
14.000000	, 9.240000
13.000000	, 9.320000
9.000000	, 9.330000
7.000000	, 9.350000
8.000000	, 9.300000
12.000000	, 9.350000
11.000000	, 9.380000
12.000000	, 9.440000
15.000000	, 9.540000
12.000000	, 9.590000
14.000000	, 9.680000
6.000000	, 9.680000
17.000000	, 9.820000
4.000000	, 9.770000
15.000000	, 9.860000
21.000000	, 9.970000
6.000000	, 9.980000
9.000000	, 10.010000
3.000000	, 9.980000
14.000000	, 10.030000
9.000000	, 10.040000
12.000000	, 10.060000
12.000000	, 10.070000
16.000000	, 10.120000
14.000000	, 10.210000
15.000000	, 10.290000
13.000000	, 10.350000
14.000000	, 10.420000
17.000000	, 10.490000
12.000000	, 10.520000
13.000000	, 10.540000
8.000000	, 10.540000
16.000000	, 10.670000
14.000000	, 10.720000
7.000000	, 10.680000
23.000000	, 10.850000
12.000000	, 10.940000
11.000000	, 10.950000
12.000000	, 11.000000
11.000000	, 11.020000
17.000000	, 11.080000
14.000000	, 11.130000
9.000000	, 11.070000
12.000000	, 11.080000
13.000000	, 11.110000
9.000000	, 11.140000
6.000000	, 11.140000
14.000000	, 11.210000
17.000000	, 11.300000
10.000000	, 11.340000
11.000000	, 11.350000
10.000000	, 11.380000
13.000000	, 11.350000
18.000000	, 11.440000
11.000000	, 11.460000
18.000000	, 11.580000
10.000000	, 11.590000
17.000000	, 11.640000
9.000000	, 11.680000
2.000000	, 11.550000
8.000000	, 11.550000
15.000000	, 11.600000
5.000000	, 11.560000
17.000000	, 11.600000
11.000000	, 11.600000
13.000000	, 11.580000
13.000000	, 11.610000
17.000000	, 11.680000
13.000000	, 11.700000
10.000000	, 11.660000
14.000000	, 11.730000
15.000000	, 11.810000
16.000000	, 11.850000
9.000000	, 11.860000
16.000000	, 11.890000
8.000000	, 11.940000
15.000000	, 11.950000
16.000000	, 12.040000
16.000000	, 12.130000
15.000000	, 12.160000
12.000000	, 12.220000
18.000000	, 12.300000
17.000000	, 12.300000
21.000000	, 12.440000
14.000000	, 12.480000
10.000000	, 12.460000
13.000000	, 12.480000
16.000000	, 12.530000
20.000000	, 12.620000
14.000000	, 12.750000
10.000000	, 12.680000
9.000000	, 12.640000
10.000000	, 12.610000
19.000000	, 12.600000
16.000000	, 12.600000
16.000000	, 12.660000
14.000000	, 12.690000
11.000000	, 12.670000
18.000000	, 12.740000
20.000000	, 12.830000
17.000000	, 12.860000
4.000000	, 12.770000
13.000000	, 12.810000
17.000000	, 12.910000
8.000000	, 12.910000
13.000000	, 12.920000
15.000000	, 12.960000
13.000000	, 12.970000
9.000000	, 12.910000
17.000000	, 12.960000
16.000000	, 12.980000
22.000000	, 13.140000
13.000000	, 13.100000
16.000000	, 13.220000
12.000000	, 13.190000
8.000000	, 13.060000
18.000000	, 13.180000
16.000000	, 13.250000
11.000000	, 13.330000
9.000000	, 13.280000
21.000000	, 13.400000
7.000000	, 13.350000
12.000000	, 13.350000
9.000000	, 13.280000
7.000000	, 13.210000
19.000000	, 13.250000
13.000000	, 13.250000
9.000000	, 13.200000
13.000000	, 13.160000
15.000000	, 13.190000
21.000000	, 13.270000
6.000000	, 13.250000
15.000000	, 13.240000
14.000000	, 13.240000
13.000000	, 13.300000
12.000000	, 13.190000
17.000000	, 13.240000
20.000000	, 13.330000
17.000000	, 13.380000
13.000000	, 13.400000
6.000000	, 13.290000
15.000000	, 13.300000
19.000000	, 13.400000
8.000000	, 13.360000
14.000000	, 13.370000
14.000000	, 13.420000
2.000000	, 13.380000
16.000000	, 13.400000
5.000000	, 13.280000
15.000000	, 13.330000
17.000000	, 13.390000
12.000000	, 13.410000
14.000000	, 13.420000
15.000000	, 13.390000
14.000000	, 13.420000
17.000000	, 13.410000
19.000000	, 13.500000
18.000000	, 13.510000
19.000000	, 13.610000
18.000000	, 13.770000
15.000000	, 13.840000
17.000000	, 13.860000
10.000000	, 13.910000
24.000000	, 13.980000
13.000000	, 14.000000
19.000000	, 14.060000
18.000000	, 14.110000
8.000000	, 14.020000
17.000000	, 14.060000
12.000000	, 14.080000
19.000000	, 14.130000
14.000000	, 14.120000
14.000000	, 14.100000
14.000000	, 14.150000
15.000000	, 14.140000
18.000000	, 14.240000
19.000000	, 14.280000
15.000000	, 14.270000
19.000000	, 14.300000
11.000000	, 14.260000
7.000000	, 14.210000
15.000000	, 14.180000
12.000000	, 14.130000
21.000000	, 14.130000
9.000000	, 14.080000
15.000000	, 14.130000
17.000000	, 14.170000
9.000000	, 14.100000
11.000000	, 14.010000
16.000000	, 14.030000
15.000000	, 14.080000
13.000000	, 14.120000
14.000000	, 14.160000
9.000000	, 14.060000
11.000000	, 14.010000
14.000000	, 13.990000
11.000000	, 13.960000
11.000000	, 13.960000
18.000000	, 13.960000
1.000000	, 13.770000
14.000000	, 13.740000
13.000000	, 13.830000
21.000000	, 13.910000
17.000000	, 13.910000
21.000000	, 14.040000
13.000000	, 14.040000
18.000000	, 14.070000
13.000000	, 14.070000
12.000000	, 14.100000
12.000000	, 14.050000
15.000000	, 14.040000
18.000000	, 14.000000
10.000000	, 13.970000
19.000000	, 14.000000
16.000000	, 14.040000
13.000000	, 14.090000
17.000000	, 14.080000
18.000000	, 14.100000
13.000000	, 14.120000
18.000000	, 14.210000
19.000000	, 14.190000
21.000000	, 14.330000
11.000000	, 14.320000
9.000000	, 14.320000
20.000000	, 14.450000
9.000000	, 14.350000
13.000000	, 14.350000
8.000000	, 14.340000
16.000000	, 14.370000
18.000000	, 14.400000
12.000000	, 14.310000
9.000000	, 14.340000
9.000000	, 14.280000
11.000000	, 14.250000
17.000000	, 14.290000
19.000000	, 14.360000
10.000000	, 14.290000
15.000000	, 14.240000
5.000000	, 14.120000
17.000000	, 14.160000
12.000000	, 14.220000
17.000000	, 14.240000
20.000000	, 14.250000
15.000000	, 14.320000
18.000000	, 14.360000
17.000000	, 14.390000
17.000000	, 14.540000
20.000000	, 14.580000
19.000000	, 14.720000
12.000000	, 14.690000
20.000000	, 14.720000
13.000000	, 14.730000
19.000000	, 14.780000
17.000000	, 14.800000
14.000000	, 14.800000
5.000000	, 14.680000
18.000000	, 14.670000
24.000000	, 14.730000
7.000000	, 14.610000
17.000000	, 14.600000
13.000000	, 14.580000
2.000000	, 14.430000
18.000000	, 14.510000
20.000000	, 14.470000
17.000000	, 14.510000
19.000000	, 14.510000
13.000000	, 14.460000
0.000000	, 14.380000
16.000000	, 14.370000
16.000000	, 14.410000
14.000000	, 14.360000
11.000000	, 14.330000
12.000000	, 14.310000
6.000000	, 14.230000
15.000000	, 14.230000
17.000000	, 14.220000
12.000000	, 14.150000
19.000000	, 14.190000
15.000000	, 14.150000
12.000000	, 14.160000
17.000000	, 14.260000
9.000000	, 14.200000
14.000000	, 14.220000
18.000000	, 14.190000
13.000000	, 14.230000
12.000000	, 14.200000
19.000000	, 14.220000
10.000000	, 14.230000
11.000000	, 14.230000
16.000000	, 14.230000
11.000000	, 14.190000
18.000000	, 14.240000
25.000000	, 14.350000
19.000000	, 14.450000
13.000000	, 14.470000
13.000000	, 14.460000
19.000000	, 14.540000
19.000000	, 14.620000
14.000000	, 14.580000
21.000000	, 14.780000
14.000000	, 14.780000
12.000000	, 14.770000
13.000000	, 14.690000
5.000000	, 14.570000
11.000000	, 14.470000
13.000000	, 14.470000
14.000000	, 14.430000
16.000000	, 14.460000
18.000000	, 14.520000
12.000000	, 14.520000
14.000000	, 14.510000
16.000000	, 14.490000
16.000000	, 14.550000
16.000000	, 14.520000
9.000000	, 14.450000
15.000000	, 14.470000
10.000000	, 14.400000
17.000000	, 14.390000
15.000000	, 14.410000
15.000000	, 14.380000
16.000000	, 14.350000
16.000000	, 14.300000
15.000000	, 14.340000
20.000000	, 14.450000
20.000000	, 14.450000
21.000000	, 14.570000
20.000000	, 14.640000
17.000000	, 14.730000
7.000000	, 14.640000
14.000000	, 14.600000
13.000000	, 14.610000
18.000000	, 14.700000
21.000000	, 14.820000
17.000000	, 14.880000
16.000000	, 14.870000
20.000000	, 14.880000
9.000000	, 14.870000
13.000000	, 14.850000
12.000000	, 14.920000
19.000000	, 14.940000
19.000000	, 15.010000
16.000000	, 15.000000
17.000000	, 14.970000
16.000000	, 14.980000
12.000000	, 14.920000
23.000000	, 14.980000
19.000000	, 15.000000
16.000000	, 14.960000
22.000000	, 14.990000
14.000000	, 15.010000
23.000000	, 15.040000
16.000000	, 15.070000
13.000000	, 15.010000
15.000000	, 14.990000
19.000000	, 15.040000
18.000000	, 15.170000
12.000000	, 15.110000
17.000000	, 15.040000
11.000000	, 15.080000
17.000000	, 15.080000
16.000000	, 15.110000
19.000000	, 15.280000
18.000000	, 15.280000
20.000000	, 15.280000
13.000000	, 15.240000
19.000000	, 15.240000
18.000000	, 15.290000
10.000000	, 15.390000
16.000000	, 15.390000
19.000000	, 15.420000
19.000000	, 15.470000
18.000000	, 15.540000
13.000000	, 15.550000
20.000000	, 15.690000
15.000000	, 15.690000
11.000000	, 15.630000
21.000000	, 15.720000
7.000000	, 15.600000
14.000000	, 15.590000
16.000000	, 15.630000
10.000000	, 15.560000
18.000000	, 15.650000
22.000000	, 15.730000
19.000000	, 15.740000
16.000000	, 15.770000
19.000000	, 15.840000
13.000000	, 15.780000
11.000000	, 15.790000
18.000000	, 15.860000
15.000000	, 15.850000
16.000000	, 15.900000
15.000000	, 15.870000
18.000000	, 15.800000
11.000000	, 15.720000
20.000000	, 15.790000
9.000000	, 15.750000
14.000000	, 15.700000
18.000000	, 15.690000
18.000000	, 15.730000
16.000000	, 15.680000
24.000000	, 15.780000
14.000000	, 15.800000
17.000000	, 15.840000
16.000000	, 15.950000
10.000000	, 15.940000
14.000000	, 15.950000
15.000000	, 15.960000
16.000000	, 15.960000
15.000000	, 15.930000
15.000000	, 15.960000
5.000000	, 15.870000
13.000000	, 15.840000
21.000000	, 15.890000
7.000000	, 15.800000
24.000000	, 15.950000
9.000000	, 15.890000
18.000000	, 15.970000
10.000000	, 15.900000
16.000000	, 15.910000
15.000000	, 15.910000
12.000000	, 15.870000
18.000000	, 15.890000
16.000000	, 15.900000
16.000000	, 15.860000
18.000000	, 15.840000
14.000000	, 15.770000
22.000000	, 15.790000
12.000000	, 15.740000
18.000000	, 15.850000
10.000000	, 15.810000
19.000000	, 15.870000
16.000000	, 15.850000
16.000000	, 15.800000
19.000000	, 15.820000
22.000000	, 15.880000
20.000000	, 15.880000
7.000000	, 15.860000
17.000000	, 15.900000
19.000000	, 15.970000
20.000000	, 15.980000
16.000000	, 15.950000
13.000000	, 15.920000
15.000000	, 15.900000
16.000000	, 15.900000
12.000000	, 15.900000
23.000000	, 15.900000
8.000000	, 15.790000
13.000000	, 15.760000
20.000000	, 15.740000
16.000000	, 15.760000
15.000000	, 15.680000
20.000000	, 15.720000
11.000000	, 15.700000
12.000000	, 15.670000
12.000000	, 15.600000
16.000000	, 15.580000
18.000000	, 15.640000
15.000000	, 15.620000
11.000000	, 15.620000
14.000000	, 15.590000
24.000000	, 15.670000
14.000000	, 15.620000
17.000000	, 15.610000
8.000000	, 15.490000
9.000000	, 15.450000
24.000000	, 15.500000
15.000000	, 15.470000
24.000000	, 15.610000
18.000000	, 15.630000
15.000000	, 15.590000
14.000000	, 15.540000
6.000000	, 15.420000
17.000000	, 15.460000
15.000000	, 15.410000
16.000000	, 15.420000
19.000000	, 15.500000
17.000000	, 15.460000
17.000000	, 15.560000
19.000000	, 15.610000
19.000000	, 15.640000
18.000000	, 15.720000
19.000000	, 15.730000
21.000000	, 15.720000
12.000000	, 15.650000
19.000000	, 15.680000
10.000000	, 15.590000
21.000000	, 15.670000
5.000000	, 15.610000
15.000000	, 15.580000
17.000000	, 15.600000
6.000000	, 15.500000
13.000000	, 15.480000
14.000000	, 15.440000
19.000000	, 15.520000
13.000000	, 15.450000
10.000000	, 15.460000
13.000000	, 15.450000
17.000000	, 15.440000
21.000000	, 15.470000
17.000000	, 15.480000
9.000000	, 15.330000
19.000000	, 15.380000
16.000000	, 15.370000
12.000000	, 15.330000
19.000000	, 15.420000
22.000000	, 15.500000
11.000000	, 15.460000
6.000000	, 15.360000
16.000000	, 15.370000
11.000000	, 15.330000
22.000000	, 15.500000
15.000000	, 15.520000
13.000000	, 15.440000
17.000000	, 15.540000
17.000000	, 15.470000
18.000000	, 15.560000
16.000000	, 15.540000
20.000000	, 15.640000
8.000000	, 15.560000
20.000000	, 15.610000
9.000000	, 15.580000
17.000000	, 15.570000
15.000000	, 15.560000
19.000000	, 15.590000
20.000000	, 15.610000
11.000000	, 15.580000
25.000000	, 15.610000
19.000000	, 15.680000
23.000000	, 15.730000
20.000000	, 15.830000
13.000000	, 15.770000
17.000000	, 15.780000
19.000000	, 15.810000
21.000000	, 15.830000
11.000000	, 15.720000
21.000000	, 15.730000
19.000000	, 15.850000
15.000000	, 15.830000
17.000000	, 15.810000
21.000000	, 15.820000
15.000000	, 15.810000
21.000000	, 15.890000
10.000000	, 15.840000
17.000000	, 15.850000
21.000000	, 15.940000
14.000000	, 15.850000
13.000000	, 15.900000
18.000000	, 15.950000
17.000000	, 15.920000
14.000000	, 15.900000
15.000000	, 15.900000
15.000000	, 15.850000
14.000000	, 15.880000
16.000000	, 15.920000
10.000000	, 15.900000
13.000000	, 15.870000
23.000000	, 15.920000
15.000000	, 15.920000
18.000000	, 15.990000
14.000000	, 15.990000
22.000000	, 15.970000
16.000000	, 15.990000
18.000000	, 16.000000
19.000000	, 16.110000
17.000000	, 16.190000
18.000000	, 16.130000
16.000000	, 16.140000
18.000000	, 16.080000
18.000000	, 16.080000
15.000000	, 16.080000
15.000000	, 16.090000
18.000000	, 16.210000
13.000000	, 16.170000
17.000000	, 16.190000
13.000000	, 16.160000
18.000000	, 16.150000
17.000000	, 16.150000
18.000000	, 16.160000
21.000000	, 16.180000
19.000000	, 16.180000
14.000000	, 16.140000
18.000000	, 16.130000
16.000000	, 16.080000
9.000000	, 16.050000
10.000000	, 15.960000
16.000000	, 16.020000
22.000000	, 16.030000
18.000000	, 16.160000
17.000000	, 16.180000
14.000000	, 16.150000
14.000000	, 16.230000
20.000000	, 16.300000
17.000000	, 16.330000
17.000000	, 16.310000
15.000000	, 16.330000
14.000000	, 16.370000
17.000000	, 16.410000
19.000000	, 16.430000
17.000000	, 16.390000
13.000000	, 16.350000
14.000000	, 16.400000
15.000000	, 16.360000
23.000000	, 16.430000
16.000000	, 16.470000
16.000000	, 16.440000
20.000000	, 16.420000
14.000000	, 16.450000
15.000000	, 16.540000
23.000000	, 16.610000
18.000000	, 16.680000
18.000000	, 16.640000
21.000000	, 16.700000
18.000000	, 16.750000
20.000000	, 16.780000
18.000000	, 16.790000
14.000000	, 16.750000
15.000000	, 16.740000
14.000000	, 16.680000
17.000000	, 16.770000
13.000000	, 16.700000
16.000000	, 16.770000
14.000000	, 16.740000
22.000000	, 16.810000
15.000000	, 16.770000
21.000000	, 16.780000
19.000000	, 16.860000
23.000000	, 16.840000
14.000000	, 16.790000
12.000000	, 16.680000
25.000000	, 16.730000
14.000000	, 16.740000
11.000000	, 16.680000
15.000000	, 16.640000
12.000000	, 16.550000
22.000000	, 16.660000
16.000000	, 16.610000
23.000000	, 16.650000
17.000000	, 16.670000
9.000000	, 16.590000
15.000000	, 16.530000
16.000000	, 16.540000
15.000000	, 16.480000
21.000000	, 16.590000
19.000000	, 16.610000
15.000000	, 16.550000
16.000000	, 16.570000
17.000000	, 16.610000
20.000000	, 16.630000
19.000000	, 16.650000
16.000000	, 16.670000
17.000000	, 16.690000
14.000000	, 16.680000
10.000000	, 16.640000
21.000000	, 16.690000
18.000000	, 16.770000
18.000000	, 16.820000
18.000000	, 16.770000
18.000000	, 16.800000
17.000000	, 16.790000
21.000000	, 16.860000
12.000000	, 16.760000
16.000000	, 16.760000
17.000000	, 16.750000
17.000000	, 16.730000
20.000000	, 16.760000
19.000000	, 16.770000
20.000000	, 16.810000
19.000000	, 16.820000
16.000000	, 16.800000
12.000000	, 16.770000
16.000000	, 16.780000
19.000000	, 16.790000
17.000000	, 16.830000
18.000000	, 16.840000
17.000000	, 16.880000
20.000000	, 16.900000
17.000000	, 16.900000
18.000000	, 16.900000
19.000000	, 16.880000
16.000000	, 16.850000
11.000000	, 16.820000
16.000000	, 16.800000
19.000000	, 16.830000
15.000000	, 16.890000
16.000000	, 16.950000
19.000000	, 16.980000
18.000000	, 16.940000
10.000000	, 16.860000
20.000000	, 16.890000
24.000000	, 16.990000
19.000000	, 17.040000
18.000000	, 17.020000
14.000000	, 16.990000
13.000000	, 16.950000
14.000000	, 16.940000
9.000000	, 16.890000
15.000000	, 16.870000
18.000000	, 16.860000
18.000000	, 16.870000
17.000000	, 16.910000
10.000000	, 16.870000
20.000000	, 16.920000
16.000000	, 16.850000
15.000000	, 16.840000
14.000000	, 16.820000
16.000000	, 16.780000
22.000000	, 16.860000
17.000000	, 16.880000
19.000000	, 16.840000
16.000000	, 16.820000
15.000000	, 16.790000
20.000000	, 16.780000
15.000000	, 16.750000
15.000000	, 16.700000
15.000000	, 16.670000
14.000000	, 16.670000
10.000000	, 16.620000
14.000000	, 16.620000
16.000000	, 16.610000
19.000000	, 16.670000
17.000000	, 16.680000
21.000000	, 16.750000
18.000000	, 16.710000
18.000000	, 16.740000
18.000000	, 16.710000
15.000000	, 16.670000
17.000000	, 16.610000
19.000000	, 16.660000
12.000000	, 16.660000
17.000000	, 16.580000
20.000000	, 16.640000
18.000000	, 16.710000
15.000000	, 16.710000
19.000000	, 16.780000
12.000000	, 16.680000
19.000000	, 16.710000
8.000000	, 16.560000
19.000000	, 16.580000
16.000000	, 16.650000
17.000000	, 16.670000
17.000000	, 16.680000
20.000000	, 16.730000
22.000000	, 16.740000
11.000000	, 16.660000
16.000000	, 16.670000
17.000000	, 16.680000
13.000000	, 16.640000
18.000000	, 16.620000
20.000000	, 16.630000
13.000000	, 16.600000
16.000000	, 16.590000
15.000000	, 16.600000
14.000000	, 16.640000
21.000000	, 16.640000
19.000000	, 16.650000
19.000000	, 16.660000
17.000000	, 16.650000
18.000000	, 16.650000
17.000000	, 16.650000
17.000000	, 16.610000
21.000000	, 16.700000
15.000000	, 16.690000
17.000000	, 16.690000
17.000000	, 16.690000
14.000000	, 16.630000
16.000000	, 16.600000
17.000000	, 16.570000
17.000000	, 16.550000
13.000000	, 16.520000
13.000000	, 16.530000
13.000000	, 16.500000
26.000000	, 16.570000
18.000000	, 16.580000
23.000000	, 16.630000
16.000000	, 16.620000
17.000000	, 16.590000
19.000000	, 16.610000
9.000000	, 16.520000
14.000000	, 16.470000
17.000000	, 16.480000
15.000000	, 16.520000
18.000000	, 16.540000
12.000000	, 16.470000
18.000000	, 16.500000
17.000000	, 16.510000
20.000000	, 16.520000
24.000000	, 16.580000
12.000000	, 16.600000
17.000000	, 16.570000
18.000000	, 16.510000
20.000000	, 16.520000
18.000000	, 16.520000
17.000000	, 16.550000
11.000000	, 16.530000
15.000000	, 16.540000
19.000000	, 16.640000
14.000000	, 16.630000
14.000000	, 16.590000
14.000000	, 16.550000
15.000000	, 16.530000
12.000000	, 16.550000
19.000000	, 16.540000
19.000000	, 16.570000
12.000000	, 16.540000
13.000000	, 16.530000
19.000000	, 16.560000
16.000000	, 16.500000
18.000000	, 16.510000
13.000000	, 16.450000
11.000000	, 16.400000
10.000000	, 16.350000
12.000000	, 16.270000
17.000000	, 16.290000
25.000000	, 16.390000
10.000000	, 16.340000
19.000000	, 16.390000
9.000000	, 16.380000
16.000000	, 16.400000
13.000000	, 16.370000
18.000000	, 16.360000
14.000000	, 16.330000
17.000000	, 16.290000
21.000000	, 16.320000
20.000000	, 16.340000
8.000000	, 16.240000
20.000000	, 16.290000
13.000000	, 16.250000
17.000000	, 16.230000
14.000000	, 16.250000
11.000000	, 16.190000
18.000000	, 16.170000
21.000000	, 16.200000
21.000000	, 16.260000
20.000000	, 16.270000
16.000000	, 16.310000
16.000000	, 16.280000
15.000000	, 16.350000
17.000000	, 16.330000
17.000000	, 16.340000
19.000000	, 16.360000
17.000000	, 16.360000
18.000000	, 16.340000
10.000000	, 16.220000
17.000000	, 16.280000
18.000000	, 16.300000
9.000000	, 16.220000
16.000000	, 16.250000
4.000000	, 16.110000
22.000000	, 16.130000
18.000000	, 16.180000
14.000000	, 16.160000
22.000000	, 16.230000
12.000000	, 16.210000
15.000000	, 16.150000
13.000000	, 16.090000
11.000000	, 16.010000
15.000000	, 15.990000
19.000000	, 16.000000
17.000000	, 16.000000
11.000000	, 15.940000
18.000000	, 15.910000
18.000000	, 15.940000
21.000000	, 15.980000
21.000000	, 16.020000
11.000000	, 15.990000
18.000000	, 16.010000
7.000000	, 15.910000
14.000000	, 15.880000
13.000000	, 15.880000
17.000000	, 15.920000
16.000000	, 15.950000
19.000000	, 15.880000
18.000000	, 15.880000
19.000000	, 15.840000
11.000000	, 15.790000
20.000000	, 15.820000
13.000000	, 15.760000
17.000000	, 15.840000
10.000000	, 15.800000
17.000000	, 15.800000
17.000000	, 15.820000
12.000000	, 15.760000
14.000000	, 15.780000
12.000000	, 15.720000
17.000000	, 15.720000
20.000000	, 15.720000
15.000000	, 15.630000
15.000000	, 15.660000
20.000000	, 15.690000
10.000000	, 15.610000
18.000000	, 15.590000
16.000000	, 15.570000
15.000000	, 15.550000
12.000000	, 15.560000
16.000000	, 15.570000
14.000000	, 15.520000
13.000000	, 15.510000
12.000000	, 15.490000
14.000000	, 15.490000
16.000000	, 15.500000
22.000000	, 15.600000
15.000000	, 15.560000
9.000000	, 15.460000
16.000000	, 15.500000
16.000000	, 15.530000
17.000000	, 15.510000
17.000000	, 15.520000
20.000000	, 15.540000
19.000000	, 15.600000
19.000000	, 15.680000
8.000000	, 15.660000
7.000000	, 15.610000
11.000000	, 15.550000
12.000000	, 15.420000
13.000000	, 15.450000
12.000000	, 15.380000
21.000000	, 15.500000
14.000000	, 15.480000
16.000000	, 15.510000
14.000000	, 15.470000
12.000000	, 15.450000
13.000000	, 15.410000
13.000000	, 15.330000
20.000000	, 15.330000
16.000000	, 15.410000
10.000000	, 15.310000
19.000000	, 15.370000
19.000000	, 15.390000
14.000000	, 15.390000
18.000000	, 15.460000
14.000000	, 15.420000
16.000000	, 15.370000
18.000000	, 15.340000
11.000000	, 15.250000
19.000000	, 15.280000
17.000000	, 15.290000
12.000000	, 15.260000
13.000000	, 15.220000
18.000000	, 15.230000
13.000000	, 15.170000
22.000000	, 15.220000
17.000000	, 15.210000
13.000000	, 15.240000
15.000000	, 15.220000
12.000000	, 15.160000
6.000000	, 15.130000
15.000000	, 15.120000
7.000000	, 15.150000
17.000000	, 15.100000
20.000000	, 15.120000
13.000000	, 15.110000
17.000000	, 15.060000
15.000000	, 15.090000
16.000000	, 15.100000
12.000000	, 15.090000
16.000000	, 15.140000
16.000000	, 15.150000
20.000000	, 15.160000
18.000000	, 15.170000
14.000000	, 15.200000
17.000000	, 15.190000
20.000000	, 15.210000
16.000000	, 15.160000
20.000000	, 15.150000
23.000000	, 15.270000
11.000000	, 15.200000
13.000000	, 15.260000
13.000000	, 15.250000
19.000000	, 15.310000
16.000000	, 15.300000
14.000000	, 15.280000
24.000000	, 15.330000
17.000000	, 15.320000
16.000000	, 15.290000
17.000000	, 15.350000
17.000000	, 15.320000
19.000000	, 15.380000
13.000000	, 15.340000
21.000000	, 15.450000
20.000000	, 15.480000
15.000000	, 15.460000
22.000000	, 15.560000
15.000000	, 15.570000
24.000000	, 15.690000
17.000000	, 15.690000
5.000000	, 15.540000
20.000000	, 15.590000
15.000000	, 15.590000
17.000000	, 15.560000
13.000000	, 15.590000
15.000000	, 15.560000
17.000000	, 15.570000
15.000000	, 15.570000
22.000000	, 15.670000
19.000000	, 15.700000
16.000000	, 15.720000
15.000000	, 15.740000
16.000000	, 15.780000
20.000000	, 15.840000
18.000000	, 15.860000
19.000000	, 15.830000
13.000000	, 15.810000
17.000000	, 15.890000
18.000000	, 15.910000
13.000000	, 15.880000
16.000000	, 15.870000
18.000000	, 15.880000
11.000000	, 15.790000
16.000000	, 15.760000
17.000000	, 15.740000
18.000000	, 15.840000
14.000000	, 15.910000
22.000000	, 16.020000
18.000000	, 16.080000
19.000000	, 16.140000
15.000000	, 16.170000
17.000000	, 16.130000
21.000000	, 16.200000
19.000000	, 16.230000
14.000000	, 16.230000
23.000000	, 16.340000
15.000000	, 16.360000
11.000000	, 16.340000
23.000000	, 16.370000
20.000000	, 16.410000
15.000000	, 16.460000
22.000000	, 16.490000
20.000000	, 16.500000
20.000000	, 16.560000
16.000000	, 16.540000
20.000000	, 16.600000
14.000000	, 16.580000
19.000000	, 16.590000
13.000000	, 16.610000
19.000000	, 16.610000
