1.000000	, 1.000000
1.000000	, 1.000000
1.000000	, 1.000000
1.000000	, 1.000000
1.000000	, 1.000000
1.000000	, 1.000000
-2.000000	, 0.571429
1.000000	, 0.625000
0.000000	, 0.555556
-1.000000	, 0.400000
0.000000	, 0.363636
0.000000	, 0.333333
-1.000000	, 0.230769
0.000000	, 0.214286
0.000000	, 0.200000
-2.000000	, 0.062500
0.000000	, 0.058824
0.000000	, 0.055556
-1.000000	, 0.000000
2.000000	, 0.100000
0.000000	, 0.095238
0.000000	, 0.090909
2.000000	, 0.173913
4.000000	, 0.333333
2.000000	, 0.400000
1.000000	, 0.423077
1.000000	, 0.444444
0.000000	, 0.428571
0.000000	, 0.413793
-1.000000	, 0.366667
-3.000000	, 0.258065
1.000000	, 0.281250
2.000000	, 0.333333
-1.000000	, 0.294118
-1.000000	, 0.257143
-2.000000	, 0.194444
0.000000	, 0.189189
1.000000	, 0.210526
3.000000	, 0.282051
2.000000	, 0.325000
1.000000	, 0.341463
0.000000	, 0.333333
1.000000	, 0.348837
-2.000000	, 0.295455
0.000000	, 0.288889
1.000000	, 0.304348
1.000000	, 0.319149
-1.000000	, 0.291667
1.000000	, 0.306122
-1.000000	, 0.280000
3.000000	, 0.333333
4.000000	, 0.403846
1.000000	, 0.415094
2.000000	, 0.444444
3.000000	, 0.490909
1.000000	, 0.500000
4.000000	, 0.561404
1.000000	, 0.568966
2.000000	, 0.593220
2.000000	, 0.616667
1.000000	, 0.622951
0.000000	, 0.612903
3.000000	, 0.650794
5.000000	, 0.718750
-1.000000	, 0.692308
1.000000	, 0.696970
0.000000	, 0.686567
2.000000	, 0.705882
4.000000	, 0.753623
4.000000	, 0.800000
5.000000	, 0.859155
1.000000	, 0.861111
2.000000	, 0.876712
4.000000	, 0.918919
0.000000	, 0.906667
4.000000	, 0.947368
4.000000	, 0.987013
5.000000	, 1.038462
5.000000	, 1.088608
3.000000	, 1.112500
2.000000	, 1.123457
1.000000	, 1.121951
2.000000	, 1.132530
6.000000	, 1.190476
2.000000	, 1.200000
3.000000	, 1.220930
8.000000	, 1.298851
9.000000	, 1.386364
6.000000	, 1.438202
9.000000	, 1.522222
5.000000	, 1.560440
2.000000	, 1.565217
4.000000	, 1.591398
3.000000	, 1.606383
5.000000	, 1.642105
4.000000	, 1.666667
9.000000	, 1.742268
5.000000	, 1.775510
3.000000	, 1.787879
5.000000	, 1.820000
5.000000	, 1.860000
7.000000	, 1.920000
6.000000	, 1.970000
2.000000	, 1.980000
3.000000	, 2.000000
4.000000	, 2.030000
9.000000	, 2.140000
5.000000	, 2.180000
1.000000	, 2.190000
4.000000	, 2.240000
5.000000	, 2.290000
8.000000	, 2.370000
17.000000	, 2.550000
3.000000	, 2.580000
7.000000	, 2.650000
8.000000	, 2.750000
3.000000	, 2.780000
6.000000	, 2.840000
7.000000	, 2.920000
9.000000	, 2.990000
5.000000	, 3.040000
6.000000	, 3.100000
0.000000	, 3.080000
6.000000	, 3.100000
4.000000	, 3.120000
4.000000	, 3.150000
6.000000	, 3.200000
7.000000	, 3.270000
6.000000	, 3.330000
5.000000	, 3.390000
10.000000	, 3.520000
8.000000	, 3.590000
1.000000	, 3.580000
10.000000	, 3.690000
9.000000	, 3.790000
1.000000	, 3.820000
5.000000	, 3.870000
2.000000	, 3.880000
6.000000	, 3.910000
7.000000	, 3.960000
9.000000	, 4.040000
9.000000	, 4.130000
5.000000	, 4.170000
11.000000	, 4.300000
4.000000	, 4.340000
3.000000	, 4.360000
10.000000	, 4.450000
6.000000	, 4.520000
14.000000	, 4.650000
3.000000	, 4.690000
8.000000	, 4.740000
5.000000	, 4.750000
9.000000	, 4.830000
9.000000	, 4.900000
5.000000	, 4.920000
7.000000	, 4.980000
6.000000	, 5.000000
12.000000	, 5.110000
6.000000	, 5.150000
10.000000	, 5.230000
5.000000	, 5.270000
0.000000	, 5.270000
6.000000	, 5.300000
8.000000	, 5.330000
11.000000	, 5.450000
12.000000	, 5.560000
10.000000	, 5.660000
0.000000	, 5.640000
10.000000	, 5.700000
8.000000	, 5.740000
10.000000	, 5.790000
8.000000	, 5.860000
10.000000	, 5.940000
8.000000	, 5.980000
14.000000	, 6.120000
5.000000	, 6.130000
1.000000	, 6.100000
12.000000	, 6.170000
8.000000	, 6.200000
6.000000	, 6.230000
10.000000	, 6.310000
10.000000	, 6.400000
13.000000	, 6.510000
17.000000	, 6.620000
6.000000	, 6.660000
13.000000	, 6.760000
7.000000	, 6.750000
10.000000	, 6.760000
12.000000	, 6.820000
12.000000	, 6.850000
8.000000	, 6.880000
11.000000	, 6.970000
6.000000	, 6.990000
8.000000	, 7.040000
9.000000	, 7.080000
11.000000	, 7.150000
13.000000	, 7.190000
12.000000	, 7.260000
3.000000	, 7.260000
3.000000	, 7.240000
1.000000	, 7.200000
10.000000	, 7.230000
5.000000	, 7.220000
14.000000	, 7.340000
9.000000	, 7.400000
10.000000	, 7.460000
9.000000	, 7.460000
12.000000	, 7.530000
12.000000	, 7.640000
8.000000	, 7.680000
2.000000	, 7.650000
3.000000	, 7.600000
7.000000	, 7.500000
8.000000	, 7.550000
7.000000	, 7.550000
16.000000	, 7.630000
4.000000	, 7.640000
9.000000	, 7.670000
2.000000	, 7.620000
6.000000	, 7.590000
9.000000	, 7.630000
14.000000	, 7.710000
12.000000	, 7.830000
7.000000	, 7.840000
15.000000	, 7.950000
13.000000	, 8.040000
5.000000	, 8.030000
11.000000	, 8.070000
5.000000	, 8.060000
7.000000	, 8.080000
5.000000	, 8.030000
7.000000	, 8.020000
9.000000	, 8.100000
7.000000	, 8.070000
7.000000	, 8.050000
10.000000	, 8.140000
10.000000	, 8.190000
12.000000	, 8.290000
16.000000	, 8.390000
14.000000	, 8.460000
13.000000	, 8.500000
7.000000	, 8.480000
13.000000	, 8.560000
2.000000	, 8.470000
15.000000	, 8.580000
6.000000	, 8.610000
6.000000	, 8.570000
5.000000	, 8.560000
13.000000	, 8.550000
7.000000	, 8.590000
8.000000	, 8.590000
9.000000	, 8.630000
14.000000	, 8.680000
5.000000	, 8.640000
10.000000	, 8.690000
7.000000	, 8.690000
2.000000	, 8.650000
12.000000	, 8.650000
3.000000	, 8.620000
12.000000	, 8.640000
11.000000	, 8.700000
9.000000	, 8.790000
9.000000	, 8.820000
12.000000	, 8.860000
13.000000	, 8.880000
12.000000	, 8.880000
6.000000	, 8.840000
6.000000	, 8.900000
12.000000	, 8.920000
9.000000	, 8.930000
6.000000	, 8.890000
9.000000	, 8.900000
16.000000	, 8.960000
7.000000	, 8.950000
12.000000	, 8.930000
11.000000	, 8.990000
8.000000	, 9.060000
9.000000	, 9.030000
13.000000	, 9.080000
8.000000	, 9.100000
14.000000	, 9.140000
9.000000	, 9.130000
9.000000	, 9.090000
12.000000	, 9.040000
4.000000	, 9.020000
5.000000	, 8.940000
12.000000	, 8.990000
14.000000	, 9.030000
10.000000	, 9.010000
16.000000	, 9.050000
11.000000	, 9.080000
19.000000	, 9.160000
17.000000	, 9.270000
20.000000	, 9.390000
13.000000	, 9.430000
12.000000	, 9.440000
6.000000	, 9.370000
18.000000	, 9.430000
8.000000	, 9.480000
7.000000	, 9.520000
9.000000	, 9.600000
8.000000	, 9.580000
6.000000	, 9.590000
15.000000	, 9.600000
14.000000	, 9.650000
12.000000	, 9.670000
11.000000	, 9.690000
6.000000	, 9.630000
6.000000	, 9.570000
20.000000	, 9.690000
13.000000	, 9.800000
17.000000	, 9.940000
11.000000	, 9.980000
4.000000	, 9.940000
12.000000	, 9.990000
9.000000	, 9.920000
13.000000	, 10.010000
7.000000	, 9.990000
10.000000	, 10.070000
17.000000	, 10.180000
10.000000	, 10.190000
11.000000	, 10.160000
13.000000	, 10.170000
5.000000	, 10.150000
15.000000	, 10.150000
9.000000	, 10.110000
12.000000	, 10.180000
12.000000	, 10.190000
11.000000	, 10.250000
13.000000	, 10.310000
3.000000	, 10.290000
8.000000	, 10.300000
22.000000	, 10.430000
8.000000	, 10.440000
19.000000	, 10.560000
15.000000	, 10.610000
4.000000	, 10.550000
13.000000	, 10.560000
11.000000	, 10.510000
15.000000	, 10.520000
15.000000	, 10.540000
15.000000	, 10.620000
17.000000	, 10.660000
12.000000	, 10.760000
12.000000	, 10.730000
4.000000	, 10.710000
13.000000	, 10.780000
9.000000	, 10.820000
5.000000	, 10.740000
17.000000	, 10.840000
14.000000	, 10.900000
17.000000	, 10.980000
7.000000	, 10.910000
23.000000	, 11.090000
11.000000	, 11.100000
4.000000	, 11.070000
17.000000	, 11.220000
7.000000	, 11.170000
15.000000	, 11.290000
13.000000	, 11.300000
11.000000	, 11.300000
5.000000	, 11.260000
9.000000	, 11.260000
21.000000	, 11.350000
11.000000	, 11.330000
6.000000	, 11.270000
20.000000	, 11.410000
11.000000	, 11.460000
10.000000	, 11.440000
13.000000	, 11.480000
16.000000	, 11.580000
14.000000	, 11.630000
12.000000	, 11.590000
11.000000	, 11.630000
17.000000	, 11.680000
15.000000	, 11.720000
14.000000	, 11.780000
20.000000	, 11.890000
11.000000	, 11.870000
20.000000	, 11.990000
7.000000	, 11.920000
12.000000	, 11.950000
11.000000	, 11.970000
14.000000	, 11.990000
16.000000	, 12.110000
16.000000	, 12.220000
19.000000	, 12.290000
18.000000	, 12.330000
20.000000	, 12.430000
10.000000	, 12.370000
20.000000	, 12.460000
17.000000	, 12.440000
6.000000	, 12.330000
13.000000	, 12.260000
19.000000	, 12.320000
14.000000	, 12.340000
14.000000	, 12.420000
16.000000	, 12.400000
14.000000	, 12.460000
16.000000	, 12.550000
13.000000	, 12.590000
18.000000	, 12.690000
19.000000	, 12.820000
16.000000	, 12.830000
14.000000	, 12.830000
21.000000	, 12.920000
12.000000	, 12.930000
11.000000	, 12.980000
18.000000	, 13.100000
24.000000	, 13.140000
12.000000	, 13.130000
5.000000	, 13.010000
10.000000	, 13.000000
12.000000	, 13.080000
20.000000	, 13.160000
17.000000	, 13.240000
16.000000	, 13.270000
17.000000	, 13.370000
8.000000	, 13.350000
9.000000	, 13.270000
13.000000	, 13.300000
14.000000	, 13.330000
7.000000	, 13.270000
15.000000	, 13.370000
12.000000	, 13.340000
10.000000	, 13.350000
11.000000	, 13.340000
9.000000	, 13.310000
12.000000	, 13.320000
12.000000	, 13.310000
14.000000	, 13.420000
17.000000	, 13.510000
9.000000	, 13.380000
13.000000	, 13.430000
16.000000	, 13.400000
13.000000	, 13.380000
13.000000	, 13.470000
9.000000	, 13.430000
7.000000	, 13.390000
17.000000	, 13.410000
15.000000	, 13.410000
11.000000	, 13.370000
10.000000	, 13.300000
21.000000	, 13.390000
12.000000	, 13.390000
15.000000	, 13.500000
16.000000	, 13.530000
19.000000	, 13.630000
16.000000	, 13.740000
10.000000	, 13.670000
12.000000	, 13.650000
8.000000	, 13.560000
14.000000	, 13.630000
12.000000	, 13.520000
15.000000	, 13.560000
9.000000	, 13.610000
17.000000	, 13.610000
16.000000	, 13.700000
18.000000	, 13.730000
22.000000	, 13.820000
21.000000	, 13.920000
10.000000	, 13.970000
19.000000	, 14.070000
15.000000	, 14.010000
12.000000	, 14.020000
21.000000	, 14.170000
19.000000	, 14.160000
16.000000	, 14.210000
17.000000	, 14.280000
16.000000	, 14.310000
11.000000	, 14.260000
15.000000	, 14.270000
19.000000	, 14.340000
20.000000	, 14.430000
14.000000	, 14.400000
11.000000	, 14.360000
17.000000	, 14.390000
11.000000	, 14.300000
16.000000	, 14.350000
14.000000	, 14.290000
14.000000	, 14.360000
12.000000	, 14.360000
17.000000	, 14.420000
16.000000	, 14.440000
13.000000	, 14.410000
14.000000	, 14.390000
13.000000	, 14.330000
16.000000	, 14.310000
16.000000	, 14.270000
22.000000	, 14.390000
15.000000	, 14.340000
16.000000	, 14.330000
11.000000	, 14.380000
19.000000	, 14.440000
16.000000	, 14.410000
21.000000	, 14.480000
15.000000	, 14.490000
12.000000	, 14.450000
15.000000	, 14.460000
12.000000	, 14.420000
19.000000	, 14.480000
20.000000	, 14.500000
17.000000	, 14.480000
21.000000	, 14.530000
16.000000	, 14.550000
14.000000	, 14.480000
18.000000	, 14.540000
14.000000	, 14.570000
10.000000	, 14.490000
17.000000	, 14.420000
7.000000	, 14.370000
13.000000	, 14.450000
14.000000	, 14.490000
13.000000	, 14.500000
16.000000	, 14.460000
17.000000	, 14.460000
16.000000	, 14.460000
19.000000	, 14.480000
6.000000	, 14.460000
16.000000	, 14.530000
16.000000	, 14.560000
16.000000	, 14.580000
19.000000	, 14.700000
17.000000	, 14.720000
14.000000	, 14.740000
16.000000	, 14.800000
14.000000	, 14.830000
14.000000	, 14.880000
18.000000	, 14.940000
23.000000	, 15.050000
15.000000	, 15.060000
16.000000	, 15.050000
17.000000	, 15.130000
18.000000	, 15.180000
19.000000	, 15.210000
11.000000	, 15.190000
20.000000	, 15.260000
19.000000	, 15.360000
21.000000	, 15.500000
12.000000	, 15.450000
16.000000	, 15.460000
12.000000	, 15.470000
19.000000	, 15.560000
6.000000	, 15.410000
15.000000	, 15.440000
19.000000	, 15.480000
22.000000	, 15.540000
11.000000	, 15.460000
11.000000	, 15.410000
15.000000	, 15.460000
11.000000	, 15.450000
16.000000	, 15.530000
22.000000	, 15.610000
14.000000	, 15.630000
18.000000	, 15.660000
15.000000	, 15.720000
18.000000	, 15.730000
14.000000	, 15.710000
16.000000	, 15.690000
13.000000	, 15.600000
17.000000	, 15.560000
15.000000	, 15.610000
17.000000	, 15.590000
13.000000	, 15.570000
5.000000	, 15.500000
21.000000	, 15.500000
11.000000	, 15.420000
11.000000	, 15.370000
19.000000	, 15.390000
21.000000	, 15.440000
7.000000	, 15.400000
25.000000	, 15.500000
22.000000	, 15.530000
21.000000	, 15.540000
15.000000	, 15.550000
6.000000	, 15.500000
12.000000	, 15.450000
23.000000	, 15.570000
13.000000	, 15.540000
21.000000	, 15.610000
15.000000	, 15.620000
20.000000	, 15.700000
12.000000	, 15.650000
17.000000	, 15.660000
12.000000	, 15.650000
21.000000	, 15.720000
14.000000	, 15.730000
12.000000	, 15.690000
15.000000	, 15.680000
13.000000	, 15.590000
15.000000	, 15.590000
19.000000	, 15.620000
17.000000	, 15.680000
19.000000	, 15.680000
15.000000	, 15.670000
17.000000	, 15.630000
18.000000	, 15.660000
23.000000	, 15.770000
18.000000	, 15.800000
15.000000	, 15.830000
17.000000	, 15.810000
10.000000	, 15.710000
18.000000	, 15.720000
15.000000	, 15.660000
14.000000	, 15.640000
19.000000	, 15.690000
16.000000	, 15.670000
11.000000	, 15.640000
17.000000	, 15.710000
12.000000	, 15.660000
15.000000	, 15.740000
16.000000	, 15.770000
17.000000	, 15.800000
19.000000	, 15.860000
9.000000	, 15.790000
14.000000	, 15.760000
23.000000	, 15.830000
14.000000	, 15.780000
10.000000	, 15.820000
20.000000	, 15.860000
19.000000	, 15.890000
14.000000	, 15.870000
18.000000	, 15.860000
16.000000	, 15.850000
19.000000	, 15.900000
15.000000	, 15.890000
20.000000	, 15.950000
20.000000	, 16.010000
10.000000	, 15.930000
15.000000	, 15.850000
16.000000	, 15.860000
11.000000	, 15.810000
9.000000	, 15.730000
12.000000	, 15.670000
16.000000	, 15.640000
16.000000	, 15.690000
20.000000	, 15.690000
14.000000	, 15.640000
13.000000	, 15.560000
15.000000	, 15.590000
15.000000	, 15.580000
15.000000	, 15.610000
17.000000	, 15.590000
21.000000	, 15.740000
15.000000	, 15.740000
15.000000	, 15.700000
11.000000	, 15.590000
12.000000	, 15.600000
11.000000	, 15.600000
19.000000	, 15.640000
16.000000	, 15.690000
18.000000	, 15.710000
19.000000	, 15.680000
20.000000	, 15.740000
19.000000	, 15.750000
17.000000	, 15.770000
13.000000	, 15.720000
16.000000	, 15.740000
17.000000	, 15.750000
13.000000	, 15.750000
16.000000	, 15.740000
17.000000	, 15.760000
21.000000	, 15.800000
14.000000	, 15.810000
24.000000	, 16.000000
16.000000	, 15.950000
20.000000	, 16.040000
17.000000	, 16.100000
18.000000	, 16.090000
15.000000	, 16.030000
14.000000	, 16.100000
16.000000	, 16.010000
15.000000	, 15.940000
9.000000	, 15.820000
19.000000	, 15.860000
14.000000	, 15.940000
15.000000	, 15.970000
18.000000	, 15.920000
16.000000	, 15.950000
8.000000	, 15.820000
17.000000	, 15.840000
19.000000	, 15.830000
18.000000	, 15.890000
13.000000	, 15.850000
14.000000	, 15.870000
19.000000	, 15.850000
14.000000	, 15.850000
18.000000	, 15.910000
18.000000	, 15.940000
15.000000	, 15.960000
12.000000	, 15.930000
14.000000	, 15.880000
21.000000	, 15.920000
12.000000	, 15.850000
17.000000	, 15.870000
19.000000	, 15.890000
20.000000	, 15.910000
23.000000	, 15.910000
14.000000	, 15.870000
14.000000	, 15.860000
5.000000	, 15.740000
15.000000	, 15.790000
18.000000	, 15.790000
15.000000	, 15.790000
16.000000	, 15.810000
22.000000	, 15.840000
16.000000	, 15.840000
11.000000	, 15.840000
16.000000	, 15.830000
11.000000	, 15.820000
13.000000	, 15.800000
13.000000	, 15.770000
15.000000	, 15.750000
19.000000	, 15.750000
21.000000	, 15.870000
9.000000	, 15.820000
18.000000	, 15.770000
13.000000	, 15.760000
15.000000	, 15.810000
17.000000	, 15.780000
4.000000	, 15.630000
8.000000	, 15.570000
19.000000	, 15.580000
18.000000	, 15.600000
17.000000	, 15.580000
20.000000	, 15.630000
4.000000	, 15.470000
19.000000	, 15.460000
15.000000	, 15.510000
16.000000	, 15.520000
13.000000	, 15.490000
18.000000	, 15.560000
23.000000	, 15.700000
19.000000	, 15.770000
14.000000	, 15.750000
11.000000	, 15.700000
12.000000	, 15.620000
20.000000	, 15.680000
20.000000	, 15.750000
16.000000	, 15.760000
12.000000	, 15.730000
20.000000	, 15.780000
20.000000	, 15.810000
18.000000	, 15.780000
13.000000	, 15.760000
12.000000	, 15.730000
15.000000	, 15.770000
13.000000	, 15.780000
7.000000	, 15.740000
19.000000	, 15.740000
18.000000	, 15.760000
16.000000	, 15.740000
15.000000	, 15.700000
16.000000	, 15.660000
15.000000	, 15.620000
11.000000	, 15.560000
9.000000	, 15.520000
21.000000	, 15.570000
12.000000	, 15.520000
22.000000	, 15.610000
16.000000	, 15.610000
17.000000	, 15.610000
20.000000	, 15.600000
16.000000	, 15.620000
15.000000	, 15.530000
19.000000	, 15.560000
18.000000	, 15.540000
13.000000	, 15.500000
17.000000	, 15.490000
13.000000	, 15.470000
22.000000	, 15.550000
8.000000	, 15.470000
21.000000	, 15.530000
14.000000	, 15.580000
14.000000	, 15.530000
11.000000	, 15.500000
12.000000	, 15.470000
19.000000	, 15.480000
14.000000	, 15.460000
19.000000	, 15.570000
16.000000	, 15.560000
17.000000	, 15.540000
20.000000	, 15.560000
13.000000	, 15.560000
17.000000	, 15.590000
7.000000	, 15.470000
17.000000	, 15.500000
11.000000	, 15.430000
19.000000	, 15.440000
17.000000	, 15.460000
16.000000	, 15.500000
16.000000	, 15.520000
12.000000	, 15.430000
20.000000	, 15.510000
14.000000	, 15.480000
18.000000	, 15.470000
13.000000	, 15.400000
17.000000	, 15.340000
16.000000	, 15.360000
10.000000	, 15.320000
17.000000	, 15.440000
16.000000	, 15.450000
17.000000	, 15.440000
18.000000	, 15.470000
20.000000	, 15.510000
15.000000	, 15.440000
20.000000	, 15.480000
19.000000	, 15.560000
22.000000	, 15.620000
18.000000	, 15.690000
17.000000	, 15.730000
9.000000	, 15.690000
18.000000	, 15.720000
15.000000	, 15.680000
16.000000	, 15.630000
15.000000	, 15.690000
15.000000	, 15.660000
20.000000	, 15.730000
17.000000	, 15.750000
23.000000	, 15.810000
15.000000	, 15.920000
13.000000	, 15.970000
14.000000	, 15.920000
16.000000	, 15.900000
23.000000	, 15.960000
13.000000	, 15.890000
13.000000	, 15.980000
19.000000	, 15.980000
20.000000	, 16.030000
22.000000	, 16.090000
12.000000	, 16.080000
19.000000	, 16.090000
18.000000	, 16.040000
16.000000	, 16.010000
13.000000	, 16.000000
18.000000	, 16.070000
16.000000	, 16.110000
9.000000	, 16.000000
15.000000	, 15.950000
20.000000	, 15.990000
19.000000	, 16.060000
15.000000	, 16.010000
12.000000	, 15.930000
16.000000	, 15.910000
15.000000	, 15.930000
17.000000	, 15.980000
10.000000	, 15.930000
12.000000	, 15.920000
20.000000	, 16.050000
15.000000	, 16.010000
12.000000	, 15.950000
12.000000	, 15.910000
17.000000	, 15.930000
5.000000	, 15.820000
20.000000	, 15.870000
17.000000	, 15.930000
13.000000	, 15.970000
21.000000	, 15.970000
17.000000	, 16.020000
14.000000	, 15.940000
16.000000	, 15.940000
17.000000	, 15.940000
15.000000	, 15.890000
21.000000	, 15.940000
15.000000	, 15.940000
12.000000	, 15.870000
11.000000	, 15.800000
20.000000	, 15.870000
18.000000	, 15.880000
17.000000	, 15.920000
16.000000	, 15.860000
18.000000	, 15.960000
18.000000	, 15.930000
18.000000	, 15.970000
19.000000	, 16.020000
16.000000	, 16.070000
15.000000	, 16.100000
14.000000	, 16.050000
13.000000	, 16.040000
17.000000	, 16.020000
14.000000	, 16.000000
10.000000	, 15.930000
14.000000	, 15.870000
15.000000	, 15.890000
13.000000	, 15.850000
25.000000	, 16.030000
11.000000	, 15.970000
19.000000	, 16.050000
17.000000	, 16.030000
13.000000	, 15.990000
14.000000	, 15.970000
15.000000	, 15.960000
15.000000	, 15.990000
14.000000	, 15.930000
16.000000	, 15.950000
22.000000	, 15.990000
20.000000	, 16.060000
15.000000	, 16.040000
15.000000	, 16.030000
21.000000	, 16.140000
20.000000	, 16.170000
20.000000	, 16.210000
18.000000	, 16.220000
14.000000	, 16.180000
10.000000	, 16.080000
18.000000	, 16.110000
19.000000	, 16.100000
14.000000	, 16.050000
16.000000	, 15.990000
19.000000	, 16.000000
17.000000	, 16.000000
17.000000	, 16.080000
11.000000	, 16.010000
18.000000	, 16.040000
11.000000	, 15.990000
17.000000	, 16.010000
12.000000	, 15.980000
11.000000	, 15.890000
17.000000	, 15.890000
20.000000	, 15.860000
18.000000	, 15.890000
5.000000	, 15.810000
21.000000	, 15.880000
19.000000	, 15.910000
14.000000	, 15.820000
14.000000	, 15.830000
16.000000	, 15.860000
12.000000	, 15.790000
22.000000	, 15.810000
23.000000	, 15.820000
23.000000	, 15.930000
8.000000	, 15.820000
11.000000	, 15.750000
15.000000	, 15.740000
15.000000	, 15.760000
19.000000	, 15.770000
16.000000	, 15.770000
18.000000	, 15.860000
20.000000	, 15.910000
19.000000	, 15.900000
20.000000	, 15.910000
21.000000	, 15.970000
16.000000	, 16.010000
23.000000	, 16.080000
17.000000	, 16.100000
17.000000	, 16.100000
18.000000	, 16.180000
18.000000	, 16.240000
18.000000	, 16.220000
18.000000	, 16.250000
18.000000	, 16.310000
13.000000	, 16.320000
12.000000	, 16.270000
16.000000	, 16.380000
19.000000	, 16.370000
18.000000	, 16.380000
20.000000	, 16.450000
13.000000	, 16.370000
17.000000	, 16.370000
17.000000	, 16.400000
13.000000	, 16.370000
16.000000	, 16.360000
14.000000	, 16.350000
20.000000	, 16.340000
17.000000	, 16.360000
13.000000	, 16.370000
20.000000	, 16.460000
17.000000	, 16.430000
18.000000	, 16.430000
16.000000	, 16.420000
20.000000	, 16.460000
16.000000	, 16.440000
17.000000	, 16.430000
13.000000	, 16.380000
18.000000	, 16.370000
16.000000	, 16.370000
20.000000	, 16.420000
12.000000	, 16.400000
19.000000	, 16.460000
20.000000	, 16.490000
16.000000	, 16.510000
12.000000	, 16.530000
18.000000	, 16.570000
9.000000	, 16.510000
18.000000	, 16.560000
15.000000	, 16.460000
19.000000	, 16.540000
17.000000	, 16.520000
17.000000	, 16.520000
22.000000	, 16.610000
16.000000	, 16.630000
16.000000	, 16.640000
23.000000	, 16.720000
9.000000	, 16.670000
21.000000	, 16.720000
22.000000	, 16.720000
7.000000	, 16.590000
20.000000	, 16.640000
21.000000	, 16.700000
13.000000	, 16.620000
13.000000	, 16.550000
10.000000	, 16.450000
9.000000	, 16.360000
15.000000	, 16.370000
16.000000	, 16.430000
22.000000	, 16.470000
14.000000	, 16.420000
11.000000	, 16.390000
20.000000	, 16.430000
16.000000	, 16.400000
15.000000	, 16.380000
20.000000	, 16.410000
15.000000	, 16.450000
19.000000	, 16.460000
15.000000	, 16.500000
18.000000	, 16.510000
12.000000	, 16.510000
14.000000	, 16.540000
20.000000	, 16.570000
13.000000	, 16.500000
16.000000	, 16.480000
14.000000	, 16.570000
18.000000	, 16.540000
20.000000	, 16.550000
19.000000	, 16.600000
21.000000	, 16.670000
14.000000	, 16.650000
18.000000	, 16.710000
16.000000	, 16.650000
17.000000	, 16.590000
13.000000	, 16.490000
16.000000	, 16.570000
14.000000	, 16.600000
17.000000	, 16.620000
18.000000	, 16.650000
16.000000	, 16.620000
21.000000	, 16.670000
20.000000	, 16.690000
16.000000	, 16.650000
15.000000	, 16.610000
19.000000	, 16.600000
16.000000	, 16.550000
16.000000	, 16.550000
19.000000	, 16.510000
10.000000	, 16.440000
13.000000	, 16.400000
17.000000	, 16.390000
23.000000	, 16.440000
14.000000	, 16.400000
22.000000	, 16.440000
17.000000	, 16.430000
15.000000	, 16.450000
12.000000	, 16.450000
20.000000	, 16.490000
10.000000	, 16.400000
18.000000	, 16.400000
17.000000	, 16.370000
11.000000	, 16.350000
17.000000	, 16.350000
11.000000	, 16.290000
14.000000	, 16.300000
9.000000	, 16.230000
19.000000	, 16.280000
15.000000	, 16.230000
12.000000	, 16.180000
14.000000	, 16.190000
16.000000	, 16.150000
14.000000	, 16.120000
18.000000	, 16.120000
11.000000	, 16.070000
15.000000	, 16.020000
18.000000	, 16.040000
15.000000	, 16.020000
17.000000	, 16.060000
9.000000	, 15.970000
15.000000	, 15.960000
18.000000	, 15.940000
11.000000	, 15.930000
19.000000	, 15.930000
12.000000	, 15.850000
17.000000	, 15.860000
16.000000	, 15.900000
13.000000	, 15.850000
19.000000	, 15.950000
16.000000	, 15.930000
14.000000	, 15.920000
18.000000	, 15.910000
16.000000	, 15.900000
17.000000	, 15.900000
14.000000	, 15.820000
10.000000	, 15.760000
14.000000	, 15.740000
14.000000	, 15.650000
5.000000	, 15.610000
14.000000	, 15.540000
19.000000	, 15.510000
5.000000	, 15.490000
14.000000	, 15.430000
18.000000	, 15.400000
23.000000	, 15.500000
19.000000	, 15.560000
23.000000	, 15.690000
17.000000	, 15.770000
14.000000	, 15.760000
13.000000	, 15.730000
13.000000	, 15.640000
14.000000	, 15.640000
17.000000	, 15.700000
14.000000	, 15.640000
19.000000	, 15.670000
16.000000	, 15.680000
18.000000	, 15.660000
17.000000	, 15.680000
18.000000	, 15.670000
13.000000	, 15.650000
14.000000	, 15.610000
14.000000	, 15.630000
18.000000	, 15.670000
11.000000	, 15.580000
16.000000	, 15.610000
9.000000	, 15.540000
18.000000	, 15.580000
15.000000	, 15.550000
20.000000	, 15.550000
13.000000	, 15.490000
14.000000	, 15.420000
16.000000	, 15.440000
14.000000	, 15.400000
17.000000	, 15.410000
20.000000	, 15.440000
16.000000	, 15.470000
17.000000	, 15.480000
19.000000	, 15.530000
18.000000	, 15.540000
18.000000	, 15.540000
12.000000	, 15.500000
19.000000	, 15.480000
14.000000	, 15.420000
17.000000	, 15.430000
15.000000	, 15.430000
16.000000	, 15.400000
14.000000	, 15.380000
12.000000	, 15.340000
8.000000	, 15.230000
17.000000	, 15.300000
16.000000	, 15.330000
15.000000	, 15.310000
13.000000	, 15.210000
16.000000	, 15.230000
18.000000	, 15.190000
17.000000	, 15.190000
18.000000	, 15.220000
21.000000	, 15.310000
16.000000	, 15.270000
17.000000	, 15.340000
13.000000	, 15.290000
19.000000	, 15.310000
20.000000	, 15.400000
19.000000	, 15.420000
16.000000	, 15.470000
12.000000	, 15.450000
15.000000	, 15.510000
16.000000	, 15.480000
21.000000	, 15.540000
18.000000	, 15.600000
22.000000	, 15.680000
12.000000	, 15.640000
22.000000	, 15.720000
17.000000	, 15.710000
17.000000	, 15.770000
6.000000	, 15.680000
13.000000	, 15.630000
15.000000	, 15.630000
14.000000	, 15.600000
18.000000	, 15.690000
13.000000	, 15.670000
20.000000	, 15.690000
18.000000	, 15.760000
18.000000	, 15.750000
17.000000	, 15.800000
16.000000	, 15.790000
14.000000	, 15.770000
21.000000	, 15.850000
20.000000	, 15.860000
6.000000	, 15.760000
18.000000	, 15.800000
14.000000	, 15.760000
23.000000	, 15.830000
16.000000	, 15.820000
13.000000	, 15.810000
13.000000	, 15.840000
17.000000	, 15.870000
11.000000	, 15.840000
9.000000	, 15.880000
9.000000	, 15.830000
13.000000	, 15.770000
16.000000	, 15.880000
9.000000	, 15.830000
22.000000	, 15.870000
19.000000	, 15.830000
